1.150000000000000000e+01
1.320000000000000107e+01
1.470000000000000107e+01
1.530000000000000071e+01
1.580000000000000071e+01
1.580000000000000071e+01
1.619999999999999929e+01
1.669999999999999929e+01
1.740000000000000213e+01
1.980000000000000071e+01
2.180000000000000071e+01
2.210000000000000142e+01
4.730000000000000426e+01
4.970000000000000284e+01
5.220000000000000284e+01
5.239999999999999858e+01
5.250000000000000000e+01
5.260000000000000142e+01
5.350000000000000000e+01
5.539999999999999858e+01
5.550000000000000000e+01
5.839999999999999858e+01
5.920000000000000284e+01
5.930000000000000426e+01
1.036000000000000085e+02
1.059000000000000057e+02
1.085000000000000000e+02
1.087000000000000028e+02
1.087999999999999972e+02
1.091000000000000085e+02
1.097999999999999972e+02
1.122999999999999972e+02
1.126000000000000085e+02
1.142000000000000028e+02
1.146000000000000085e+02
1.151000000000000085e+02
1.718000000000000114e+02
1.740999999999999943e+02
1.749000000000000057e+02
1.758000000000000114e+02
1.758000000000000114e+02
1.759000000000000057e+02
1.763000000000000114e+02
1.790000000000000000e+02
1.797000000000000171e+02
1.803000000000000114e+02
1.812000000000000171e+02
1.814000000000000057e+02
2.414000000000000057e+02
2.434000000000000057e+02
2.434000000000000057e+02
2.447000000000000171e+02
2.449000000000000057e+02
2.450000000000000000e+02
2.450000000000000000e+02
2.478000000000000114e+02
2.480000000000000000e+02
2.485999999999999943e+02
2.500000000000000000e+02
2.500999999999999943e+02
3.116000000000000227e+02
3.121000000000000227e+02
3.130000000000000000e+02
3.135000000000000000e+02
3.136000000000000227e+02
3.138000000000000114e+02
3.141999999999999886e+02
3.161000000000000227e+02
3.161999999999999886e+02
3.173000000000000114e+02
3.184000000000000341e+02
3.186999999999999886e+02
3.801999999999999886e+02
3.811000000000000227e+02
3.811999999999999886e+02
3.811999999999999886e+02
3.826999999999999886e+02
3.829000000000000341e+02
3.833000000000000114e+02
3.844000000000000341e+02
3.848000000000000114e+02
3.859000000000000341e+02
3.863000000000000114e+02
3.871999999999999886e+02
4.486999999999999886e+02
4.494000000000000341e+02
4.498000000000000114e+02
4.506999999999999886e+02
4.511000000000000227e+02
4.523000000000000114e+02
4.528000000000000114e+02
4.528000000000000114e+02
4.533000000000000114e+02
4.541000000000000227e+02
4.548000000000000114e+02
4.559000000000000341e+02
5.167999999999999545e+02
5.180000000000000000e+02
5.182999999999999545e+02
5.197999999999999545e+02
5.200000000000000000e+02
5.207999999999999545e+02
5.210000000000000000e+02
5.211000000000000227e+02
5.230000000000000000e+02
5.231000000000000227e+02
5.233999999999999773e+02
5.245000000000000000e+02
5.852000000000000455e+02
5.863999999999999773e+02
5.882000000000000455e+02
5.887000000000000455e+02
5.890000000000000000e+02
5.891000000000000227e+02
5.891000000000000227e+02
5.903000000000000682e+02
5.918999999999999773e+02
5.921000000000000227e+02
5.923999999999999773e+02
5.933000000000000682e+02
6.550000000000000000e+02
6.552000000000000455e+02
6.573999999999999773e+02
6.578000000000000682e+02
6.580000000000000000e+02
6.581000000000000227e+02
6.587000000000000455e+02
6.591000000000000227e+02
6.608999999999999773e+02
6.610000000000000000e+02
6.613000000000000682e+02
6.623000000000000682e+02
7.225000000000000000e+02
7.250000000000000000e+02
7.258000000000000682e+02
7.261000000000000227e+02
7.268999999999999773e+02
7.273000000000000682e+02
7.281000000000000227e+02
7.282000000000000455e+02
7.297000000000000455e+02
7.301000000000000227e+02
7.303000000000000682e+02
7.313000000000000682e+02
7.906000000000000227e+02
7.938999999999999773e+02
7.940000000000000000e+02
7.952000000000000455e+02
7.955000000000000000e+02
7.963999999999999773e+02
7.968999999999999773e+02
7.975000000000000000e+02
7.985000000000000000e+02
7.988000000000000682e+02
7.993000000000000682e+02
8.002000000000000455e+02
8.597000000000000455e+02
8.620000000000000000e+02
8.637000000000000455e+02
8.641000000000000227e+02
8.645000000000000000e+02
8.655000000000000000e+02
8.656000000000000227e+02
8.667000000000000455e+02
8.673999999999999773e+02
8.678999999999999773e+02
8.681000000000000227e+02
8.690000000000000000e+02
9.298000000000000682e+02
9.298999999999999773e+02
9.330000000000000000e+02
9.333000000000000682e+02
9.335000000000000000e+02
9.338000000000000682e+02
9.348000000000000682e+02
9.356000000000000227e+02
9.363999999999999773e+02
9.368000000000000682e+02
9.370000000000000000e+02
9.380000000000000000e+02
9.975000000000000000e+02
9.992000000000000455e+02
1.001700000000000045e+03
1.002399999999999977e+03
1.002600000000000023e+03
1.002700000000000045e+03
1.003800000000000068e+03
1.004300000000000068e+03
1.005200000000000045e+03
1.005399999999999977e+03
1.005700000000000045e+03
1.007000000000000000e+03
1.065700000000000045e+03
1.067200000000000045e+03
1.070200000000000045e+03
1.071299999999999955e+03
1.071400000000000091e+03
1.071400000000000091e+03
1.072200000000000045e+03
1.073200000000000045e+03
1.073599999999999909e+03
1.074200000000000045e+03
1.074299999999999955e+03
1.075900000000000091e+03
1.135200000000000045e+03
1.135700000000000045e+03
1.138500000000000000e+03
1.140200000000000045e+03
1.140900000000000091e+03
1.141000000000000000e+03
1.141299999999999955e+03
1.142200000000000045e+03
1.142500000000000000e+03
1.143000000000000000e+03
1.143200000000000045e+03
1.145000000000000000e+03
1.204500000000000000e+03
1.205200000000000045e+03
1.208100000000000136e+03
1.209100000000000136e+03
1.210400000000000091e+03
1.210500000000000000e+03
1.210600000000000136e+03
1.210799999999999955e+03
1.211500000000000000e+03
1.211700000000000045e+03
1.212100000000000136e+03
1.213799999999999955e+03
1.273000000000000000e+03
1.274000000000000000e+03
1.277100000000000136e+03
1.277700000000000045e+03
1.278799999999999955e+03
1.279200000000000045e+03
1.279700000000000045e+03
1.279799999999999955e+03
1.279900000000000091e+03
1.280400000000000091e+03
1.280700000000000045e+03
1.282600000000000136e+03
1.341100000000000136e+03
1.343799999999999955e+03
1.346200000000000045e+03
1.346400000000000091e+03
1.348000000000000000e+03
1.348100000000000136e+03
1.348700000000000045e+03
1.348799999999999955e+03
1.349000000000000000e+03
1.349100000000000136e+03
1.349900000000000091e+03
1.351200000000000045e+03
1.408799999999999955e+03
1.413900000000000091e+03
1.414900000000000091e+03
1.416000000000000000e+03
1.416799999999999955e+03
1.416900000000000091e+03
1.417200000000000045e+03
1.417500000000000000e+03
1.417799999999999955e+03
1.417900000000000091e+03
1.418600000000000136e+03
1.420200000000000045e+03
1.476400000000000091e+03
1.482500000000000000e+03
1.483299999999999955e+03
1.484900000000000091e+03
1.485000000000000000e+03
1.485799999999999955e+03
1.485799999999999955e+03
1.486200000000000045e+03
1.486500000000000000e+03
1.486600000000000136e+03
1.487200000000000045e+03
1.488700000000000045e+03
1.544700000000000045e+03
1.551000000000000000e+03
1.552200000000000045e+03
1.553600000000000136e+03
1.553700000000000045e+03
1.554400000000000091e+03
1.554400000000000091e+03
1.554900000000000091e+03
1.555200000000000045e+03
1.555400000000000091e+03
1.555500000000000000e+03
1.557299999999999955e+03
1.613400000000000091e+03
1.619900000000000091e+03
1.621900000000000091e+03
1.621900000000000091e+03
1.622600000000000136e+03
1.622600000000000136e+03
1.623100000000000136e+03
1.623200000000000045e+03
1.623799999999999955e+03
1.624000000000000000e+03
1.624299999999999955e+03
1.625900000000000091e+03
1.682600000000000136e+03
1.688400000000000091e+03
1.690400000000000091e+03
1.690500000000000000e+03
1.691200000000000045e+03
1.691500000000000000e+03
1.691500000000000000e+03
1.692100000000000136e+03
1.692200000000000045e+03
1.692600000000000136e+03
1.692799999999999955e+03
1.694600000000000136e+03
1.750799999999999955e+03
1.757700000000000045e+03
1.758100000000000136e+03
1.758500000000000000e+03
1.759500000000000000e+03
1.759700000000000045e+03
1.760500000000000000e+03
1.760900000000000091e+03
1.760900000000000091e+03
1.761200000000000045e+03
1.761400000000000091e+03
1.763200000000000045e+03
1.819799999999999955e+03
1.826700000000000045e+03
1.826700000000000045e+03
1.827400000000000091e+03
1.828400000000000091e+03
1.828700000000000045e+03
1.829600000000000136e+03
1.829799999999999955e+03
1.830000000000000000e+03
1.830100000000000136e+03
1.830500000000000000e+03
1.832000000000000000e+03
1.889500000000000000e+03
1.894700000000000045e+03
1.895600000000000136e+03
1.896200000000000045e+03
1.896600000000000136e+03
1.896600000000000136e+03
1.898299999999999955e+03
1.898600000000000136e+03
1.899100000000000136e+03
1.899100000000000136e+03
1.899299999999999955e+03
1.900900000000000091e+03
1.959200000000000045e+03
1.962900000000000091e+03
1.964799999999999955e+03
1.965200000000000045e+03
1.965200000000000045e+03
1.965299999999999955e+03
1.967400000000000091e+03
1.967600000000000136e+03
1.967700000000000045e+03
1.968000000000000000e+03
1.968100000000000136e+03
1.969600000000000136e+03
2.029100000000000136e+03
2.030700000000000045e+03
2.033200000000000045e+03
2.033299999999999955e+03
2.033500000000000000e+03
2.033799999999999955e+03
2.036000000000000000e+03
2.036299999999999955e+03
2.036400000000000091e+03
2.036700000000000045e+03
2.036799999999999955e+03
2.038299999999999955e+03
2.098300000000000182e+03
2.099099999999999909e+03
2.101099999999999909e+03
2.101699999999999818e+03
2.102400000000000091e+03
2.102800000000000182e+03
2.104500000000000000e+03
2.105000000000000000e+03
2.105300000000000182e+03
2.105699999999999818e+03
2.105800000000000182e+03
2.106699999999999818e+03
2.165699999999999818e+03
2.167800000000000182e+03
2.168699999999999818e+03
2.170199999999999818e+03
2.171099999999999909e+03
2.172099999999999909e+03
2.173300000000000182e+03
2.173400000000000091e+03
2.174000000000000000e+03
2.174199999999999818e+03
2.174500000000000000e+03
2.175400000000000091e+03
2.231200000000000273e+03
2.235400000000000091e+03
2.236800000000000182e+03
2.239099999999999909e+03
2.239300000000000182e+03
2.240500000000000000e+03
2.240800000000000182e+03
2.241700000000000273e+03
2.242000000000000000e+03
2.242500000000000000e+03
2.242700000000000273e+03
2.243599999999999909e+03
2.295599999999999909e+03
2.301400000000000091e+03
2.304599999999999909e+03
2.307099999999999909e+03
2.308599999999999909e+03
2.308599999999999909e+03
2.308900000000000091e+03
2.310099999999999909e+03
2.310200000000000273e+03
2.310700000000000273e+03
2.311099999999999909e+03
2.311900000000000091e+03
2.357800000000000182e+03
2.368000000000000000e+03
2.371400000000000091e+03
2.374700000000000273e+03
2.377200000000000273e+03
2.377400000000000091e+03
2.378099999999999909e+03
2.378099999999999909e+03
2.378900000000000091e+03
2.378900000000000091e+03
2.379200000000000273e+03
2.380400000000000091e+03
2.419400000000000091e+03
2.434400000000000091e+03
2.439200000000000273e+03
2.442400000000000091e+03
2.445000000000000000e+03
2.446000000000000000e+03
2.446800000000000182e+03
2.447099999999999909e+03
2.447099999999999909e+03
2.447400000000000091e+03
2.447500000000000000e+03
2.449000000000000000e+03
2.469099999999999909e+03
2.502099999999999909e+03
2.507900000000000091e+03
2.510599999999999909e+03
2.513500000000000000e+03
2.514599999999999909e+03
2.515400000000000091e+03
2.515599999999999909e+03
2.515800000000000182e+03
2.515900000000000091e+03
2.516200000000000273e+03
2.517599999999999909e+03
2.524200000000000273e+03
2.569599999999999909e+03
2.577099999999999909e+03
2.579599999999999909e+03
2.581800000000000182e+03
2.582500000000000000e+03
2.583700000000000273e+03
2.584099999999999909e+03
2.584200000000000273e+03
2.584900000000000091e+03
2.584900000000000091e+03
2.586300000000000182e+03
2.589099999999999909e+03
2.635099999999999909e+03
2.646200000000000273e+03
2.647599999999999909e+03
2.650400000000000091e+03
2.651000000000000000e+03
2.652000000000000000e+03
2.652800000000000182e+03
2.652800000000000182e+03
2.653400000000000091e+03
2.653400000000000091e+03
2.654700000000000273e+03
2.656300000000000182e+03
2.699400000000000091e+03
2.715200000000000273e+03
2.716400000000000091e+03
2.719000000000000000e+03
2.719099999999999909e+03
2.720500000000000000e+03
2.720900000000000091e+03
2.721700000000000273e+03
2.721700000000000273e+03
2.722000000000000000e+03
2.723500000000000000e+03
2.724200000000000273e+03
2.756800000000000182e+03
2.784599999999999909e+03
2.785099999999999909e+03
2.787200000000000273e+03
2.787700000000000273e+03
2.788500000000000000e+03
2.789599999999999909e+03
2.790000000000000000e+03
2.790400000000000091e+03
2.790500000000000000e+03
2.791900000000000091e+03
2.792099999999999909e+03
2.803700000000000273e+03
2.853599999999999909e+03
2.853599999999999909e+03
2.855900000000000091e+03
2.856300000000000182e+03
2.857700000000000273e+03
2.858300000000000182e+03
2.858900000000000091e+03
2.859400000000000091e+03
2.859500000000000000e+03
2.860800000000000182e+03
2.860900000000000091e+03
2.864900000000000091e+03
2.921900000000000091e+03
2.922500000000000000e+03
2.924300000000000182e+03
2.924400000000000091e+03
2.926599999999999909e+03
2.927599999999999909e+03
2.927800000000000182e+03
2.928099999999999909e+03
2.928500000000000000e+03
2.929400000000000091e+03
2.929599999999999909e+03
2.931700000000000273e+03
2.990700000000000273e+03
2.991300000000000182e+03
2.992900000000000091e+03
2.993000000000000000e+03
2.996200000000000273e+03
2.996200000000000273e+03
2.997099999999999909e+03
2.997400000000000091e+03
2.997400000000000091e+03
2.998099999999999909e+03
2.998500000000000000e+03
2.999900000000000091e+03
3.058800000000000182e+03
3.060000000000000000e+03
3.061500000000000000e+03
3.061800000000000182e+03
3.064800000000000182e+03
3.065300000000000182e+03
3.065300000000000182e+03
3.066200000000000273e+03
3.066300000000000182e+03
3.066900000000000091e+03
3.067099999999999909e+03
3.068200000000000273e+03
3.127500000000000000e+03
3.128400000000000091e+03
3.130000000000000000e+03
3.130400000000000091e+03
3.134200000000000273e+03
3.134300000000000182e+03
3.134800000000000182e+03
3.134900000000000091e+03
3.134900000000000091e+03
3.135500000000000000e+03
3.135900000000000091e+03
3.136500000000000000e+03
3.195200000000000273e+03
3.197099999999999909e+03
3.198700000000000273e+03
3.198800000000000182e+03
3.202500000000000000e+03
3.202599999999999909e+03
3.203300000000000182e+03
3.203400000000000091e+03
3.203599999999999909e+03
3.204099999999999909e+03
3.204200000000000273e+03
3.204500000000000000e+03
3.263200000000000273e+03
3.264300000000000182e+03
3.266900000000000091e+03
3.266900000000000091e+03
3.271200000000000273e+03
3.271500000000000000e+03
3.271900000000000091e+03
3.272099999999999909e+03
3.272200000000000273e+03
3.272599999999999909e+03
3.272800000000000182e+03
3.273400000000000091e+03
3.331400000000000091e+03
3.332900000000000091e+03
3.335099999999999909e+03
3.335300000000000182e+03
3.339400000000000091e+03
3.339700000000000273e+03
3.340300000000000182e+03
3.340700000000000273e+03
3.340700000000000273e+03
3.340900000000000091e+03
3.340900000000000091e+03
3.341400000000000091e+03
3.399300000000000182e+03
3.400800000000000182e+03
3.402700000000000273e+03
3.402900000000000091e+03
3.407599999999999909e+03
3.407800000000000182e+03
3.408200000000000273e+03
3.408599999999999909e+03
3.409000000000000000e+03
3.409000000000000000e+03
3.409099999999999909e+03
3.409400000000000091e+03
3.468500000000000000e+03
3.469900000000000091e+03
3.470400000000000091e+03
3.471099999999999909e+03
3.475300000000000182e+03
3.475599999999999909e+03
3.476700000000000273e+03
3.476800000000000182e+03
3.477000000000000000e+03
3.477200000000000273e+03
3.477300000000000182e+03
3.477700000000000273e+03
3.537599999999999909e+03
3.538300000000000182e+03
3.539599999999999909e+03
3.539700000000000273e+03
3.542900000000000091e+03
3.543800000000000182e+03
3.544700000000000273e+03
3.545400000000000091e+03
3.545700000000000273e+03
3.545800000000000182e+03
3.545800000000000182e+03
3.545900000000000091e+03
3.607099999999999909e+03
3.607900000000000091e+03
3.608000000000000000e+03
3.609599999999999909e+03
3.611000000000000000e+03
3.612099999999999909e+03
3.612400000000000091e+03
3.613700000000000273e+03
3.613800000000000182e+03
3.614099999999999909e+03
3.614099999999999909e+03
3.614700000000000273e+03
3.675200000000000273e+03
3.676000000000000000e+03
3.677200000000000273e+03
3.678200000000000273e+03
3.679099999999999909e+03
3.680099999999999909e+03
3.680700000000000273e+03
3.681900000000000091e+03
3.682500000000000000e+03
3.682500000000000000e+03
3.682599999999999909e+03
3.682900000000000091e+03
3.743099999999999909e+03
3.744099999999999909e+03
3.745300000000000182e+03
3.746500000000000000e+03
3.746900000000000091e+03
3.747800000000000182e+03
3.748500000000000000e+03
3.749900000000000091e+03
3.750200000000000273e+03
3.750700000000000273e+03
3.750800000000000182e+03
3.750900000000000091e+03
3.812000000000000000e+03
3.812000000000000000e+03
3.812700000000000273e+03
3.814200000000000273e+03
3.815500000000000000e+03
3.815800000000000182e+03
3.816500000000000000e+03
3.818400000000000091e+03
3.818400000000000091e+03
3.818700000000000273e+03
3.818700000000000273e+03
3.818800000000000182e+03
3.879500000000000000e+03
3.880200000000000273e+03
3.881599999999999909e+03
3.883500000000000000e+03
3.883700000000000273e+03
3.884200000000000273e+03
3.885000000000000000e+03
3.886800000000000182e+03
3.886800000000000182e+03
3.887000000000000000e+03
3.887300000000000182e+03
3.887500000000000000e+03
3.947900000000000091e+03
3.948599999999999909e+03
3.950599999999999909e+03
3.951700000000000273e+03
3.952000000000000000e+03
3.952300000000000182e+03
3.953400000000000091e+03
3.955099999999999909e+03
3.955300000000000182e+03
3.955700000000000273e+03
3.955700000000000273e+03
3.955800000000000182e+03
4.015099999999999909e+03
4.017400000000000091e+03
4.019300000000000182e+03
4.019500000000000000e+03
4.020099999999999909e+03
4.021300000000000182e+03
4.021800000000000182e+03
4.023500000000000000e+03
4.023599999999999909e+03
4.023599999999999909e+03
4.023800000000000182e+03
4.024099999999999909e+03
4.083000000000000000e+03
4.086400000000000091e+03
4.086800000000000182e+03
4.087500000000000000e+03
4.088000000000000000e+03
4.089900000000000091e+03
4.091200000000000273e+03
4.091700000000000273e+03
4.092000000000000000e+03
4.092099999999999909e+03
4.092300000000000182e+03
4.092400000000000091e+03
4.151600000000000364e+03
4.154100000000000364e+03
4.154100000000000364e+03
4.155500000000000000e+03
4.155699999999999818e+03
4.158199999999999818e+03
4.159100000000000364e+03
4.159300000000000182e+03
4.160300000000000182e+03
4.160500000000000000e+03
4.160800000000000182e+03
4.160800000000000182e+03
4.220699999999999818e+03
4.222399999999999636e+03
4.223600000000000364e+03
4.224000000000000000e+03
4.224100000000000364e+03
4.226500000000000000e+03
4.227500000000000000e+03
4.227600000000000364e+03
4.228300000000000182e+03
4.228600000000000364e+03
4.228899999999999636e+03
4.229600000000000364e+03
4.288899999999999636e+03
4.290600000000000364e+03
4.292199999999999818e+03
4.292399999999999636e+03
4.293199999999999818e+03
4.294300000000000182e+03
4.296100000000000364e+03
4.296600000000000364e+03
4.296600000000000364e+03
4.296699999999999818e+03
4.297199999999999818e+03
4.298100000000000364e+03
4.357399999999999636e+03
4.358699999999999818e+03
4.360399999999999636e+03
4.361199999999999818e+03
4.361199999999999818e+03
4.362699999999999818e+03
4.364600000000000364e+03
4.364699999999999818e+03
4.364699999999999818e+03
4.364899999999999636e+03
4.365000000000000000e+03
4.366199999999999818e+03
4.426400000000000546e+03
4.428199999999999818e+03
4.430000000000000000e+03
4.430000000000000000e+03
4.430199999999999818e+03
4.432100000000000364e+03
4.432699999999999818e+03
4.432800000000000182e+03
4.433300000000000182e+03
4.433300000000000182e+03
4.433600000000000364e+03
4.434900000000000546e+03
4.495400000000000546e+03
4.498199999999999818e+03
4.498900000000000546e+03
4.499199999999999818e+03
4.499600000000000364e+03
4.500300000000000182e+03
4.500699999999999818e+03
4.500900000000000546e+03
4.502000000000000000e+03
4.502000000000000000e+03
4.502300000000000182e+03
4.503100000000000364e+03
4.564900000000000546e+03
4.568199999999999818e+03
4.568300000000000182e+03
4.568500000000000000e+03
4.568600000000000364e+03
4.568800000000000182e+03
4.568900000000000546e+03
4.569000000000000000e+03
4.570600000000000364e+03
4.570699999999999818e+03
4.570800000000000182e+03
4.572100000000000364e+03
4.633500000000000000e+03
4.635900000000000546e+03
4.637300000000000182e+03
4.637400000000000546e+03
4.637600000000000364e+03
4.637699999999999818e+03
4.637800000000000182e+03
4.637900000000000546e+03
4.639000000000000000e+03
4.639100000000000364e+03
4.639699999999999818e+03
4.640900000000000546e+03
4.702600000000000364e+03
4.704900000000000546e+03
4.705800000000000182e+03
4.706000000000000000e+03
4.706100000000000364e+03
4.706500000000000000e+03
4.707100000000000364e+03
4.707199999999999818e+03
4.707300000000000182e+03
4.707900000000000546e+03
4.708199999999999818e+03
4.709500000000000000e+03
4.771900000000000546e+03
4.774400000000000546e+03
4.774600000000000364e+03
4.775000000000000000e+03
4.775100000000000364e+03
4.775800000000000182e+03
4.776000000000000000e+03
4.776100000000000364e+03
4.776199999999999818e+03
4.776800000000000182e+03
4.776800000000000182e+03
4.778100000000000364e+03
4.841000000000000000e+03
4.843100000000000364e+03
4.843500000000000000e+03
4.843699999999999818e+03
4.844699999999999818e+03
4.844699999999999818e+03
4.844800000000000182e+03
4.845300000000000182e+03
4.845600000000000364e+03
4.845800000000000182e+03
4.846100000000000364e+03
4.847199999999999818e+03
4.910000000000000000e+03
4.912100000000000364e+03
4.912199999999999818e+03
4.912300000000000182e+03
4.913500000000000000e+03
4.913800000000000182e+03
4.914300000000000182e+03
4.914500000000000000e+03
4.914500000000000000e+03
4.914800000000000182e+03
4.914800000000000182e+03
4.915800000000000182e+03
4.978900000000000546e+03
4.980400000000000546e+03
4.980500000000000000e+03
4.980699999999999818e+03
4.982000000000000000e+03
4.983199999999999818e+03
4.983400000000000546e+03
4.983400000000000546e+03
4.983800000000000182e+03
4.984100000000000364e+03
4.984199999999999818e+03
4.984699999999999818e+03
1.200000000000000000e+01
1.300000000000000000e+01
1.639999999999999858e+01
1.769999999999999929e+01
1.830000000000000071e+01
1.960000000000000142e+01
2.040000000000000213e+01
2.090000000000000213e+01
2.110000000000000142e+01
2.119999999999999929e+01
2.210000000000000142e+01
2.210000000000000142e+01
2.280000000000000071e+01
4.830000000000000426e+01
4.900000000000000000e+01
5.380000000000000426e+01
5.439999999999999858e+01
5.680000000000000426e+01
5.720000000000000284e+01
5.750000000000000000e+01
5.750000000000000000e+01
5.770000000000000284e+01
5.830000000000000426e+01
5.860000000000000142e+01
5.889999999999999858e+01
5.920000000000000284e+01
1.046000000000000085e+02
1.051000000000000085e+02
1.090000000000000000e+02
1.110000000000000000e+02
1.122000000000000028e+02
1.127999999999999972e+02
1.131000000000000085e+02
1.131000000000000085e+02
1.132000000000000028e+02
1.132999999999999972e+02
1.136000000000000085e+02
1.137000000000000028e+02
1.140000000000000000e+02
1.724000000000000057e+02
1.727000000000000171e+02
1.750000000000000000e+02
1.775999999999999943e+02
1.780000000000000000e+02
1.782000000000000171e+02
1.787000000000000171e+02
1.789000000000000057e+02
1.792000000000000171e+02
1.795999999999999943e+02
1.799000000000000057e+02
1.800999999999999943e+02
1.802000000000000171e+02
2.405000000000000000e+02
2.425000000000000000e+02
2.438000000000000114e+02
2.440000000000000000e+02
2.463000000000000114e+02
2.470000000000000000e+02
2.470999999999999943e+02
2.470999999999999943e+02
2.474000000000000057e+02
2.483000000000000114e+02
2.483000000000000114e+02
2.485999999999999943e+02
2.485999999999999943e+02
3.095000000000000000e+02
3.115000000000000000e+02
3.116000000000000227e+02
3.119000000000000341e+02
3.149000000000000341e+02
3.154000000000000341e+02
3.156999999999999886e+02
3.158000000000000114e+02
3.160000000000000000e+02
3.168000000000000114e+02
3.169000000000000341e+02
3.171000000000000227e+02
3.174000000000000341e+02
3.776000000000000227e+02
3.786000000000000227e+02
3.795000000000000000e+02
3.815000000000000000e+02
3.826000000000000227e+02
3.838000000000000114e+02
3.838000000000000114e+02
3.844000000000000341e+02
3.845000000000000000e+02
3.849000000000000341e+02
3.850000000000000000e+02
3.853000000000000114e+02
3.858000000000000114e+02
4.451999999999999886e+02
4.456999999999999886e+02
4.471000000000000227e+02
4.496000000000000227e+02
4.509000000000000341e+02
4.514000000000000341e+02
4.516000000000000227e+02
4.530000000000000000e+02
4.536000000000000227e+02
4.539000000000000341e+02
4.540000000000000000e+02
4.540000000000000000e+02
4.540000000000000000e+02
5.126000000000000227e+02
5.126000000000000227e+02
5.145000000000000000e+02
5.180000000000000000e+02
5.183999999999999773e+02
5.186000000000000227e+02
5.211000000000000227e+02
5.212000000000000455e+02
5.222999999999999545e+02
5.222999999999999545e+02
5.225000000000000000e+02
5.226000000000000227e+02
5.232999999999999545e+02
5.805000000000000000e+02
5.818999999999999773e+02
5.828999999999999773e+02
5.865000000000000000e+02
5.876000000000000227e+02
5.880000000000000000e+02
5.897000000000000455e+02
5.905000000000000000e+02
5.907000000000000455e+02
5.912000000000000455e+02
5.913999999999999773e+02
5.917000000000000455e+02
5.923000000000000682e+02
6.490000000000000000e+02
6.516000000000000227e+02
6.527000000000000455e+02
6.550000000000000000e+02
6.566000000000000227e+02
6.576000000000000227e+02
6.583000000000000682e+02
6.592000000000000455e+02
6.593000000000000682e+02
6.603000000000000682e+02
6.606000000000000227e+02
6.608000000000000682e+02
6.611000000000000227e+02
7.178000000000000682e+02
7.210000000000000000e+02
7.232000000000000455e+02
7.238000000000000682e+02
7.255000000000000000e+02
7.268999999999999773e+02
7.273999999999999773e+02
7.278999999999999773e+02
7.282000000000000455e+02
7.290000000000000000e+02
7.298000000000000682e+02
7.301000000000000227e+02
7.301000000000000227e+02
7.862000000000000455e+02
7.906000000000000227e+02
7.921000000000000227e+02
7.933000000000000682e+02
7.943999999999999773e+02
7.956000000000000227e+02
7.966000000000000227e+02
7.967000000000000455e+02
7.973999999999999773e+02
7.978000000000000682e+02
7.986000000000000227e+02
7.990000000000000000e+02
7.993000000000000682e+02
8.548999999999999773e+02
8.593999999999999773e+02
8.598000000000000682e+02
8.626000000000000227e+02
8.627000000000000455e+02
8.650000000000000000e+02
8.653000000000000682e+02
8.657000000000000455e+02
8.662000000000000455e+02
8.671000000000000227e+02
8.677000000000000455e+02
8.678000000000000682e+02
8.678999999999999773e+02
9.236000000000000227e+02
9.278000000000000682e+02
9.283000000000000682e+02
9.317000000000000455e+02
9.325000000000000000e+02
9.343000000000000682e+02
9.343999999999999773e+02
9.347000000000000455e+02
9.348000000000000682e+02
9.362000000000000455e+02
9.362000000000000455e+02
9.366000000000000227e+02
9.371000000000000227e+02
9.928999999999999773e+02
9.968000000000000682e+02
9.973999999999999773e+02
1.000100000000000023e+03
1.002500000000000000e+03
1.003399999999999977e+03
1.003500000000000000e+03
1.004100000000000023e+03
1.004100000000000023e+03
1.004899999999999977e+03
1.005500000000000000e+03
1.005500000000000000e+03
1.006000000000000000e+03
1.061500000000000000e+03
1.065400000000000091e+03
1.065500000000000000e+03
1.069299999999999955e+03
1.071900000000000091e+03
1.072200000000000045e+03
1.072299999999999955e+03
1.072900000000000091e+03
1.073299999999999955e+03
1.073799999999999955e+03
1.074400000000000091e+03
1.074400000000000091e+03
1.074900000000000091e+03
1.130400000000000091e+03
1.133700000000000045e+03
1.135200000000000045e+03
1.137000000000000000e+03
1.140600000000000136e+03
1.140700000000000045e+03
1.141600000000000136e+03
1.142000000000000000e+03
1.142200000000000045e+03
1.142500000000000000e+03
1.143000000000000000e+03
1.143600000000000136e+03
1.143799999999999955e+03
1.199400000000000091e+03
1.202700000000000045e+03
1.203700000000000045e+03
1.205500000000000000e+03
1.209299999999999955e+03
1.209600000000000136e+03
1.210600000000000136e+03
1.210700000000000045e+03
1.211000000000000000e+03
1.211200000000000045e+03
1.211299999999999955e+03
1.212200000000000045e+03
1.212500000000000000e+03
1.268600000000000136e+03
1.270600000000000136e+03
1.273700000000000045e+03
1.274700000000000045e+03
1.278200000000000045e+03
1.278600000000000136e+03
1.278900000000000091e+03
1.279799999999999955e+03
1.279900000000000091e+03
1.279900000000000091e+03
1.279900000000000091e+03
1.281200000000000045e+03
1.281299999999999955e+03
1.337400000000000091e+03
1.339000000000000000e+03
1.343299999999999955e+03
1.343700000000000045e+03
1.347000000000000000e+03
1.347299999999999955e+03
1.347500000000000000e+03
1.348299999999999955e+03
1.348700000000000045e+03
1.349000000000000000e+03
1.349200000000000045e+03
1.349900000000000091e+03
1.349900000000000091e+03
1.406000000000000000e+03
1.407500000000000000e+03
1.412000000000000000e+03
1.413600000000000136e+03
1.415900000000000091e+03
1.416000000000000000e+03
1.416200000000000045e+03
1.417200000000000045e+03
1.417400000000000091e+03
1.417799999999999955e+03
1.417799999999999955e+03
1.418600000000000136e+03
1.418799999999999955e+03
1.474600000000000136e+03
1.475500000000000000e+03
1.479600000000000136e+03
1.483100000000000136e+03
1.483400000000000091e+03
1.484000000000000000e+03
1.484700000000000045e+03
1.485200000000000045e+03
1.485600000000000136e+03
1.486000000000000000e+03
1.486799999999999955e+03
1.486799999999999955e+03
1.487299999999999955e+03
1.543500000000000000e+03
1.543700000000000045e+03
1.548400000000000091e+03
1.551900000000000091e+03
1.552000000000000000e+03
1.553100000000000136e+03
1.553500000000000000e+03
1.553700000000000045e+03
1.554000000000000000e+03
1.554700000000000045e+03
1.555200000000000045e+03
1.555500000000000000e+03
1.555900000000000091e+03
1.613299999999999955e+03
1.613500000000000000e+03
1.616500000000000000e+03
1.620500000000000000e+03
1.620799999999999955e+03
1.621200000000000045e+03
1.622200000000000045e+03
1.622299999999999955e+03
1.622799999999999955e+03
1.623299999999999955e+03
1.623900000000000091e+03
1.624100000000000136e+03
1.624600000000000136e+03
1.682500000000000000e+03
1.682500000000000000e+03
1.685000000000000000e+03
1.689200000000000045e+03
1.689500000000000000e+03
1.690100000000000136e+03
1.690200000000000045e+03
1.690900000000000091e+03
1.691100000000000136e+03
1.691700000000000045e+03
1.692600000000000136e+03
1.692700000000000045e+03
1.693100000000000136e+03
1.751000000000000000e+03
1.752299999999999955e+03
1.754000000000000000e+03
1.757500000000000000e+03
1.758100000000000136e+03
1.758500000000000000e+03
1.759400000000000091e+03
1.759600000000000136e+03
1.759700000000000045e+03
1.760299999999999955e+03
1.761200000000000045e+03
1.761299999999999955e+03
1.761799999999999955e+03
1.820500000000000000e+03
1.822500000000000000e+03
1.824799999999999955e+03
1.825799999999999955e+03
1.826500000000000000e+03
1.826700000000000045e+03
1.828100000000000136e+03
1.828500000000000000e+03
1.828500000000000000e+03
1.829700000000000045e+03
1.830000000000000000e+03
1.830299999999999955e+03
1.830799999999999955e+03
1.889700000000000045e+03
1.891700000000000045e+03
1.894799999999999955e+03
1.894799999999999955e+03
1.895000000000000000e+03
1.896000000000000000e+03
1.897400000000000091e+03
1.897600000000000136e+03
1.898400000000000091e+03
1.898600000000000136e+03
1.899100000000000136e+03
1.899600000000000136e+03
1.900000000000000000e+03
1.958299999999999955e+03
1.960900000000000091e+03
1.963400000000000091e+03
1.963600000000000136e+03
1.964600000000000136e+03
1.965100000000000136e+03
1.966100000000000136e+03
1.966700000000000045e+03
1.967200000000000045e+03
1.967299999999999955e+03
1.968000000000000000e+03
1.968299999999999955e+03
1.968500000000000000e+03
2.026000000000000000e+03
2.030000000000000000e+03
2.031799999999999955e+03
2.032600000000000136e+03
2.033799999999999955e+03
2.034299999999999955e+03
2.034400000000000091e+03
2.035500000000000000e+03
2.035700000000000045e+03
2.036200000000000045e+03
2.036900000000000091e+03
2.037100000000000136e+03
2.037600000000000136e+03
2.094500000000000000e+03
2.098599999999999909e+03
2.100000000000000000e+03
2.101400000000000091e+03
2.102300000000000182e+03
2.102400000000000091e+03
2.103099999999999909e+03
2.104099999999999909e+03
2.104500000000000000e+03
2.105099999999999909e+03
2.105300000000000182e+03
2.105400000000000091e+03
2.106300000000000182e+03
2.162300000000000182e+03
2.167300000000000182e+03
2.167300000000000182e+03
2.169800000000000182e+03
2.170800000000000182e+03
2.171300000000000182e+03
2.171800000000000182e+03
2.172599999999999909e+03
2.173099999999999909e+03
2.173599999999999909e+03
2.174000000000000000e+03
2.174099999999999909e+03
2.174599999999999909e+03
2.229700000000000273e+03
2.235000000000000000e+03
2.235700000000000273e+03
2.238400000000000091e+03
2.238800000000000182e+03
2.238900000000000091e+03
2.240099999999999909e+03
2.241099999999999909e+03
2.241400000000000091e+03
2.241900000000000091e+03
2.242099999999999909e+03
2.242200000000000273e+03
2.243000000000000000e+03
2.298200000000000273e+03
2.304200000000000273e+03
2.304800000000000182e+03
2.306900000000000091e+03
2.307599999999999909e+03
2.307700000000000273e+03
2.308400000000000091e+03
2.309800000000000182e+03
2.310500000000000000e+03
2.310500000000000000e+03
2.310700000000000273e+03
2.310800000000000182e+03
2.311400000000000091e+03
2.367700000000000273e+03
2.372400000000000091e+03
2.374400000000000091e+03
2.375099999999999909e+03
2.375300000000000182e+03
2.376200000000000273e+03
2.376400000000000091e+03
2.378200000000000273e+03
2.378599999999999909e+03
2.378900000000000091e+03
2.379200000000000273e+03
2.379400000000000091e+03
2.379900000000000091e+03
2.436900000000000091e+03
2.440500000000000000e+03
2.442500000000000000e+03
2.443500000000000000e+03
2.444000000000000000e+03
2.444500000000000000e+03
2.444800000000000182e+03
2.446400000000000091e+03
2.446900000000000091e+03
2.447200000000000273e+03
2.447400000000000091e+03
2.447800000000000182e+03
2.448000000000000000e+03
2.506000000000000000e+03
2.509300000000000182e+03
2.511099999999999909e+03
2.511500000000000000e+03
2.512599999999999909e+03
2.512900000000000091e+03
2.514500000000000000e+03
2.514900000000000091e+03
2.515300000000000182e+03
2.515800000000000182e+03
2.516000000000000000e+03
2.516400000000000091e+03
2.516400000000000091e+03
2.574900000000000091e+03
2.577599999999999909e+03
2.579200000000000273e+03
2.579500000000000000e+03
2.581300000000000182e+03
2.582099999999999909e+03
2.583500000000000000e+03
2.583900000000000091e+03
2.584000000000000000e+03
2.584200000000000273e+03
2.584599999999999909e+03
2.585099999999999909e+03
2.585300000000000182e+03
2.644300000000000182e+03
2.646000000000000000e+03
2.647500000000000000e+03
2.648099999999999909e+03
2.650000000000000000e+03
2.650099999999999909e+03
2.652200000000000273e+03
2.652400000000000091e+03
2.652599999999999909e+03
2.652800000000000182e+03
2.653000000000000000e+03
2.653500000000000000e+03
2.654000000000000000e+03
2.713900000000000091e+03
2.714300000000000182e+03
2.715500000000000000e+03
2.717400000000000091e+03
2.718000000000000000e+03
2.718900000000000091e+03
2.720200000000000273e+03
2.721099999999999909e+03
2.721200000000000273e+03
2.721300000000000182e+03
2.721400000000000091e+03
2.721800000000000182e+03
2.722900000000000091e+03
2.782700000000000273e+03
2.782800000000000182e+03
2.784099999999999909e+03
2.786300000000000182e+03
2.786900000000000091e+03
2.788300000000000182e+03
2.788400000000000091e+03
2.789700000000000273e+03
2.789800000000000182e+03
2.790000000000000000e+03
2.790000000000000000e+03
2.790200000000000273e+03
2.791500000000000000e+03
2.852200000000000273e+03
2.853200000000000273e+03
2.854599999999999909e+03
2.855200000000000273e+03
2.855500000000000000e+03
2.857500000000000000e+03
2.857700000000000273e+03
2.858200000000000273e+03
2.858400000000000091e+03
2.858599999999999909e+03
2.859200000000000273e+03
2.859300000000000182e+03
2.860500000000000000e+03
2.921800000000000182e+03
2.922099999999999909e+03
2.923500000000000000e+03
2.923900000000000091e+03
2.924900000000000091e+03
2.926099999999999909e+03
2.926500000000000000e+03
2.927200000000000273e+03
2.927599999999999909e+03
2.927700000000000273e+03
2.927800000000000182e+03
2.928099999999999909e+03
2.929500000000000000e+03
2.991099999999999909e+03
2.992099999999999909e+03
2.992700000000000273e+03
2.993000000000000000e+03
2.994200000000000273e+03
2.994500000000000000e+03
2.995599999999999909e+03
2.996200000000000273e+03
2.996200000000000273e+03
2.996400000000000091e+03
2.996500000000000000e+03
2.997500000000000000e+03
2.998200000000000273e+03
3.060000000000000000e+03
3.060400000000000091e+03
3.061700000000000273e+03
3.062400000000000091e+03
3.063099999999999909e+03
3.063300000000000182e+03
3.063700000000000273e+03
3.064599999999999909e+03
3.064599999999999909e+03
3.065099999999999909e+03
3.065400000000000091e+03
3.066099999999999909e+03
3.067000000000000000e+03
3.129000000000000000e+03
3.129400000000000091e+03
3.131300000000000182e+03
3.131800000000000182e+03
3.131900000000000091e+03
3.132000000000000000e+03
3.132300000000000182e+03
3.133300000000000182e+03
3.133400000000000091e+03
3.134000000000000000e+03
3.134500000000000000e+03
3.134800000000000182e+03
3.135700000000000273e+03
3.196700000000000273e+03
3.198700000000000273e+03
3.200200000000000273e+03
3.200200000000000273e+03
3.200700000000000273e+03
3.200700000000000273e+03
3.201400000000000091e+03
3.201700000000000273e+03
3.201700000000000273e+03
3.202000000000000000e+03
3.202900000000000091e+03
3.203500000000000000e+03
3.204200000000000273e+03
3.264800000000000182e+03
3.267900000000000091e+03
3.268200000000000273e+03
3.268800000000000182e+03
3.269400000000000091e+03
3.269500000000000000e+03
3.269599999999999909e+03
3.269599999999999909e+03
3.269599999999999909e+03
3.270400000000000091e+03
3.271800000000000182e+03
3.272000000000000000e+03
3.272599999999999909e+03
3.332099999999999909e+03
3.336400000000000091e+03
3.336800000000000182e+03
3.336800000000000182e+03
3.337700000000000273e+03
3.338000000000000000e+03
3.338200000000000273e+03
3.338300000000000182e+03
3.338400000000000091e+03
3.338500000000000000e+03
3.340300000000000182e+03
3.340500000000000000e+03
3.341300000000000182e+03
3.399099999999999909e+03
3.403900000000000091e+03
3.404099999999999909e+03
3.405500000000000000e+03
3.405700000000000273e+03
3.406300000000000182e+03
3.406400000000000091e+03
3.406500000000000000e+03
3.406500000000000000e+03
3.406599999999999909e+03
3.408300000000000182e+03
3.408900000000000091e+03
3.409500000000000000e+03
3.466500000000000000e+03
3.471300000000000182e+03
3.472000000000000000e+03
3.473900000000000091e+03
3.474500000000000000e+03
3.474800000000000182e+03
3.474800000000000182e+03
3.475000000000000000e+03
3.475099999999999909e+03
3.475300000000000182e+03
3.476400000000000091e+03
3.477500000000000000e+03
3.477700000000000273e+03
3.533599999999999909e+03
3.538200000000000273e+03
3.540800000000000182e+03
3.542000000000000000e+03
3.542500000000000000e+03
3.542900000000000091e+03
3.543099999999999909e+03
3.543300000000000182e+03
3.543400000000000091e+03
3.544300000000000182e+03
3.544300000000000182e+03
3.546099999999999909e+03
3.546099999999999909e+03
3.601599999999999909e+03
3.605700000000000273e+03
3.609500000000000000e+03
3.609900000000000091e+03
3.611300000000000182e+03
3.611800000000000182e+03
3.611900000000000091e+03
3.612300000000000182e+03
3.612599999999999909e+03
3.612900000000000091e+03
3.613200000000000273e+03
3.614500000000000000e+03
3.614900000000000091e+03
3.669500000000000000e+03
3.674099999999999909e+03
3.677500000000000000e+03
3.679200000000000273e+03
3.679700000000000273e+03
3.680000000000000000e+03
3.680599999999999909e+03
3.680700000000000273e+03
3.681500000000000000e+03
3.681500000000000000e+03
3.681500000000000000e+03
3.682900000000000091e+03
3.683099999999999909e+03
3.736400000000000091e+03
3.741599999999999909e+03
3.744800000000000182e+03
3.747300000000000182e+03
3.747700000000000273e+03
3.747800000000000182e+03
3.748400000000000091e+03
3.748900000000000091e+03
3.749900000000000091e+03
3.750099999999999909e+03
3.750099999999999909e+03
3.751200000000000273e+03
3.751599999999999909e+03
3.802700000000000273e+03
3.808800000000000182e+03
3.812300000000000182e+03
3.815099999999999909e+03
3.815400000000000091e+03
3.816300000000000182e+03
3.816599999999999909e+03
3.817200000000000273e+03
3.817900000000000091e+03
3.818200000000000273e+03
3.818599999999999909e+03
3.819400000000000091e+03
3.819599999999999909e+03
3.870099999999999909e+03
3.879200000000000273e+03
3.881000000000000000e+03
3.883099999999999909e+03
3.883500000000000000e+03
3.885099999999999909e+03
3.885700000000000273e+03
3.885900000000000091e+03
3.886099999999999909e+03
3.886400000000000091e+03
3.886599999999999909e+03
3.887599999999999909e+03
3.888000000000000000e+03
3.936599999999999909e+03
3.949000000000000000e+03
3.949200000000000273e+03
3.951900000000000091e+03
3.952700000000000273e+03
3.954300000000000182e+03
3.954700000000000273e+03
3.954700000000000273e+03
3.954800000000000182e+03
3.954800000000000182e+03
3.954900000000000091e+03
3.956099999999999909e+03
3.956500000000000000e+03
4.001700000000000273e+03
4.016900000000000091e+03
4.019200000000000273e+03
4.020500000000000000e+03
4.020700000000000273e+03
4.022599999999999909e+03
4.022800000000000182e+03
4.023099999999999909e+03
4.023200000000000273e+03
4.023300000000000182e+03
4.023599999999999909e+03
4.024500000000000000e+03
4.024800000000000182e+03
4.063400000000000091e+03
4.084500000000000000e+03
4.088500000000000000e+03
4.088700000000000273e+03
4.088700000000000273e+03
4.090599999999999909e+03
4.091200000000000273e+03
4.091400000000000091e+03
4.091800000000000182e+03
4.092000000000000000e+03
4.092099999999999909e+03
4.092599999999999909e+03
4.092800000000000182e+03
4.114399999999999636e+03
4.152899999999999636e+03
4.156199999999999818e+03
4.156699999999999818e+03
4.156899999999999636e+03
4.158399999999999636e+03
4.158399999999999636e+03
4.160000000000000000e+03
4.160199999999999818e+03
4.160399999999999636e+03
4.160500000000000000e+03
4.160600000000000364e+03
4.161000000000000000e+03
4.166699999999999818e+03
4.219800000000000182e+03
4.224399999999999636e+03
4.224800000000000182e+03
4.224899999999999636e+03
4.225699999999999818e+03
4.226300000000000182e+03
4.228300000000000182e+03
4.228399999999999636e+03
4.228699999999999818e+03
4.228699999999999818e+03
4.229300000000000182e+03
4.229399999999999636e+03
4.232000000000000000e+03
4.288199999999999818e+03
4.292500000000000000e+03
4.292600000000000364e+03
4.292899999999999636e+03
4.293399999999999636e+03
4.294199999999999818e+03
4.296000000000000000e+03
4.296300000000000182e+03
4.296699999999999818e+03
4.296800000000000182e+03
4.297500000000000000e+03
4.297899999999999636e+03
4.299100000000000364e+03
4.355800000000000182e+03
4.360000000000000000e+03
4.360600000000000364e+03
4.360800000000000182e+03
4.360899999999999636e+03
4.361600000000000364e+03
4.363500000000000000e+03
4.364500000000000000e+03
4.364500000000000000e+03
4.364899999999999636e+03
4.365500000000000000e+03
4.365899999999999636e+03
4.366300000000000182e+03
4.425400000000000546e+03
4.426699999999999818e+03
4.428600000000000364e+03
4.429100000000000364e+03
4.429199999999999818e+03
4.429500000000000000e+03
4.431199999999999818e+03
4.432500000000000000e+03
4.432900000000000546e+03
4.433600000000000364e+03
4.434000000000000000e+03
4.434400000000000546e+03
4.434500000000000000e+03
4.494000000000000000e+03
4.495400000000000546e+03
4.496100000000000364e+03
4.496600000000000364e+03
4.497699999999999818e+03
4.498000000000000000e+03
4.499100000000000364e+03
4.500900000000000546e+03
4.501199999999999818e+03
4.501699999999999818e+03
4.501800000000000182e+03
4.502800000000000182e+03
4.503000000000000000e+03
4.562300000000000182e+03
4.564000000000000000e+03
4.565400000000000546e+03
4.565699999999999818e+03
4.566600000000000364e+03
4.567300000000000182e+03
4.567400000000000546e+03
4.569199999999999818e+03
4.569400000000000546e+03
4.570699999999999818e+03
4.570699999999999818e+03
4.571199999999999818e+03
4.572000000000000000e+03
4.630199999999999818e+03
4.631500000000000000e+03
4.634000000000000000e+03
4.635000000000000000e+03
4.635199999999999818e+03
4.635300000000000182e+03
4.637000000000000000e+03
4.638100000000000364e+03
4.638100000000000364e+03
4.639199999999999818e+03
4.639300000000000182e+03
4.639500000000000000e+03
4.640600000000000364e+03
4.697699999999999818e+03
4.700400000000000546e+03
4.702300000000000182e+03
4.703300000000000182e+03
4.704100000000000364e+03
4.704100000000000364e+03
4.705699999999999818e+03
4.706100000000000364e+03
4.707000000000000000e+03
4.707300000000000182e+03
4.707900000000000546e+03
4.708100000000000364e+03
4.709199999999999818e+03
4.767199999999999818e+03
4.769900000000000546e+03
4.771300000000000182e+03
4.772000000000000000e+03
4.773199999999999818e+03
4.773400000000000546e+03
4.774100000000000364e+03
4.774600000000000364e+03
4.776100000000000364e+03
4.776500000000000000e+03
4.776600000000000364e+03
4.776900000000000546e+03
4.777900000000000546e+03
4.836900000000000546e+03
4.839400000000000546e+03
4.840600000000000364e+03
4.841000000000000000e+03
4.841199999999999818e+03
4.842199999999999818e+03
4.843000000000000000e+03
4.843300000000000182e+03
4.845500000000000000e+03
4.845500000000000000e+03
4.845699999999999818e+03
4.845900000000000546e+03
4.846800000000000182e+03
4.906199999999999818e+03
4.909000000000000000e+03
4.909600000000000364e+03
4.909800000000000182e+03
4.909900000000000546e+03
4.911100000000000364e+03
4.911699999999999818e+03
4.912000000000000000e+03
4.914300000000000182e+03
4.914500000000000000e+03
4.914699999999999818e+03
4.915000000000000000e+03
4.915400000000000546e+03
4.974500000000000000e+03
4.978000000000000000e+03
4.978300000000000182e+03
4.978300000000000182e+03
4.978900000000000546e+03
4.979300000000000182e+03
4.979800000000000182e+03
4.980500000000000000e+03
4.983400000000000546e+03
4.983500000000000000e+03
4.983800000000000182e+03
4.983900000000000546e+03
4.984000000000000000e+03
1.080000000000000071e+01
1.480000000000000071e+01
1.490000000000000036e+01
1.590000000000000036e+01
1.590000000000000036e+01
1.830000000000000071e+01
1.840000000000000213e+01
2.010000000000000142e+01
2.019999999999999929e+01
2.019999999999999929e+01
2.119999999999999929e+01
2.180000000000000071e+01
2.290000000000000213e+01
4.610000000000000142e+01
5.170000000000000284e+01
5.210000000000000142e+01
5.250000000000000000e+01
5.339999999999999858e+01
5.580000000000000426e+01
5.589999999999999858e+01
5.610000000000000142e+01
5.789999999999999858e+01
5.800000000000000000e+01
5.889999999999999858e+01
5.889999999999999858e+01
6.020000000000000284e+01
1.012999999999999972e+02
1.082999999999999972e+02
1.082999999999999972e+02
1.091000000000000085e+02
1.092000000000000028e+02
1.110000000000000000e+02
1.114000000000000057e+02
1.119000000000000057e+02
1.132000000000000028e+02
1.137000000000000028e+02
1.142000000000000028e+02
1.147999999999999972e+02
1.152000000000000028e+02
1.679000000000000057e+02
1.753000000000000114e+02
1.755999999999999943e+02
1.759000000000000057e+02
1.762000000000000171e+02
1.772000000000000171e+02
1.777000000000000171e+02
1.777000000000000171e+02
1.797000000000000171e+02
1.800999999999999943e+02
1.805999999999999943e+02
1.810000000000000000e+02
1.810000000000000000e+02
2.370999999999999943e+02
2.434000000000000057e+02
2.440999999999999943e+02
2.450000000000000000e+02
2.453000000000000114e+02
2.455000000000000000e+02
2.458000000000000114e+02
2.459000000000000057e+02
2.480000000000000000e+02
2.484000000000000057e+02
2.485000000000000000e+02
2.488000000000000114e+02
2.495000000000000000e+02
3.066999999999999886e+02
3.125000000000000000e+02
3.125000000000000000e+02
3.136000000000000227e+02
3.136999999999999886e+02
3.138000000000000114e+02
3.146000000000000227e+02
3.151000000000000227e+02
3.166999999999999886e+02
3.168000000000000114e+02
3.169000000000000341e+02
3.171999999999999886e+02
3.181999999999999886e+02
3.756999999999999886e+02
3.801999999999999886e+02
3.811000000000000227e+02
3.815000000000000000e+02
3.816000000000000227e+02
3.825000000000000000e+02
3.836999999999999886e+02
3.841999999999999886e+02
3.850000000000000000e+02
3.851999999999999886e+02
3.855000000000000000e+02
3.856999999999999886e+02
3.864000000000000341e+02
4.446999999999999886e+02
4.480000000000000000e+02
4.494000000000000341e+02
4.496999999999999886e+02
4.506999999999999886e+02
4.514000000000000341e+02
4.528000000000000114e+02
4.529000000000000341e+02
4.533000000000000114e+02
4.534000000000000341e+02
4.538000000000000114e+02
4.538000000000000114e+02
4.548000000000000114e+02
5.135000000000000000e+02
5.160000000000000000e+02
5.165000000000000000e+02
5.178999999999999773e+02
5.188999999999999773e+02
5.208999999999999773e+02
5.212999999999999545e+02
5.216000000000000227e+02
5.216000000000000227e+02
5.217000000000000455e+02
5.217999999999999545e+02
5.217999999999999545e+02
5.237000000000000455e+02
5.818999999999999773e+02
5.853999999999999773e+02
5.855000000000000000e+02
5.868999999999999773e+02
5.893000000000000682e+02
5.898999999999999773e+02
5.902000000000000455e+02
5.903000000000000682e+02
5.905000000000000000e+02
5.907000000000000455e+02
5.911000000000000227e+02
5.912000000000000455e+02
5.923999999999999773e+02
6.501000000000000227e+02
6.553000000000000682e+02
6.556000000000000227e+02
6.558000000000000682e+02
6.583000000000000682e+02
6.590000000000000000e+02
6.591000000000000227e+02
6.593999999999999773e+02
6.596000000000000227e+02
6.596000000000000227e+02
6.597000000000000455e+02
6.598999999999999773e+02
6.613999999999999773e+02
7.177000000000000455e+02
7.243000000000000682e+02
7.246000000000000227e+02
7.258000000000000682e+02
7.268000000000000682e+02
7.280000000000000000e+02
7.283000000000000682e+02
7.283000000000000682e+02
7.286000000000000227e+02
7.286000000000000227e+02
7.288000000000000682e+02
7.293999999999999773e+02
7.303999999999999773e+02
7.838999999999999773e+02
7.928999999999999773e+02
7.947000000000000455e+02
7.950000000000000000e+02
7.951000000000000227e+02
7.965000000000000000e+02
7.968000000000000682e+02
7.975000000000000000e+02
7.976000000000000227e+02
7.978000000000000682e+02
7.981000000000000227e+02
7.981000000000000227e+02
7.991000000000000227e+02
8.500000000000000000e+02
8.618000000000000682e+02
8.631000000000000227e+02
8.633999999999999773e+02
8.646000000000000227e+02
8.652000000000000455e+02
8.660000000000000000e+02
8.663999999999999773e+02
8.666000000000000227e+02
8.666000000000000227e+02
8.667000000000000455e+02
8.671000000000000227e+02
8.683999999999999773e+02
9.173000000000000682e+02
9.305000000000000000e+02
9.322000000000000455e+02
9.323999999999999773e+02
9.337000000000000455e+02
9.346000000000000227e+02
9.348000000000000682e+02
9.353000000000000682e+02
9.357000000000000455e+02
9.358000000000000682e+02
9.360000000000000000e+02
9.363999999999999773e+02
9.372000000000000455e+02
9.827000000000000455e+02
9.987000000000000455e+02
1.000899999999999977e+03
1.001899999999999977e+03
1.002000000000000000e+03
1.003399999999999977e+03
1.003500000000000000e+03
1.004600000000000023e+03
1.004700000000000045e+03
1.004800000000000068e+03
1.004800000000000068e+03
1.005300000000000068e+03
1.005800000000000068e+03
1.043200000000000045e+03
1.067400000000000091e+03
1.069099999999999909e+03
1.070400000000000091e+03
1.071400000000000091e+03
1.071400000000000091e+03
1.072200000000000045e+03
1.073000000000000000e+03
1.073599999999999909e+03
1.073700000000000045e+03
1.074099999999999909e+03
1.074299999999999955e+03
1.074599999999999909e+03
1.090400000000000091e+03
1.135600000000000136e+03
1.138000000000000000e+03
1.138700000000000045e+03
1.139900000000000091e+03
1.140700000000000045e+03
1.141200000000000045e+03
1.141400000000000091e+03
1.142200000000000045e+03
1.142900000000000091e+03
1.143000000000000000e+03
1.143100000000000136e+03
1.143400000000000091e+03
1.147200000000000045e+03
1.204100000000000136e+03
1.206500000000000000e+03
1.207000000000000000e+03
1.209000000000000000e+03
1.209799999999999955e+03
1.209900000000000091e+03
1.210200000000000045e+03
1.211200000000000045e+03
1.211799999999999955e+03
1.212000000000000000e+03
1.212100000000000136e+03
1.212100000000000136e+03
1.213799999999999955e+03
1.272299999999999955e+03
1.275200000000000045e+03
1.275400000000000091e+03
1.277700000000000045e+03
1.278700000000000045e+03
1.278900000000000091e+03
1.279500000000000000e+03
1.280000000000000000e+03
1.280600000000000136e+03
1.280700000000000045e+03
1.280799999999999955e+03
1.281299999999999955e+03
1.281700000000000045e+03
1.341000000000000000e+03
1.343299999999999955e+03
1.344299999999999955e+03
1.346600000000000136e+03
1.347299999999999955e+03
1.348000000000000000e+03
1.348500000000000000e+03
1.348700000000000045e+03
1.349400000000000091e+03
1.349600000000000136e+03
1.349799999999999955e+03
1.349799999999999955e+03
1.350200000000000045e+03
1.408900000000000091e+03
1.411600000000000136e+03
1.412400000000000091e+03
1.415400000000000091e+03
1.415799999999999955e+03
1.417200000000000045e+03
1.417200000000000045e+03
1.417500000000000000e+03
1.417799999999999955e+03
1.418500000000000000e+03
1.418600000000000136e+03
1.418600000000000136e+03
1.418900000000000091e+03
1.477200000000000045e+03
1.479400000000000091e+03
1.480000000000000000e+03
1.484100000000000136e+03
1.484400000000000091e+03
1.484900000000000091e+03
1.485900000000000091e+03
1.485900000000000091e+03
1.486100000000000136e+03
1.486799999999999955e+03
1.487000000000000000e+03
1.487299999999999955e+03
1.487299999999999955e+03
1.545000000000000000e+03
1.548000000000000000e+03
1.548500000000000000e+03
1.552799999999999955e+03
1.552900000000000091e+03
1.554400000000000091e+03
1.554600000000000136e+03
1.554799999999999955e+03
1.555000000000000000e+03
1.555299999999999955e+03
1.555799999999999955e+03
1.556000000000000000e+03
1.556100000000000136e+03
1.611799999999999955e+03
1.617400000000000091e+03
1.618299999999999955e+03
1.621400000000000091e+03
1.621600000000000136e+03
1.622900000000000091e+03
1.623000000000000000e+03
1.623100000000000136e+03
1.623400000000000091e+03
1.624000000000000000e+03
1.624400000000000091e+03
1.624400000000000091e+03
1.624700000000000045e+03
1.679400000000000091e+03
1.686700000000000045e+03
1.687400000000000091e+03
1.690100000000000136e+03
1.690900000000000091e+03
1.691000000000000000e+03
1.691299999999999955e+03
1.691799999999999955e+03
1.692500000000000000e+03
1.692799999999999955e+03
1.693000000000000000e+03
1.693200000000000045e+03
1.693200000000000045e+03
1.747000000000000000e+03
1.756200000000000045e+03
1.756400000000000091e+03
1.758600000000000136e+03
1.759700000000000045e+03
1.759799999999999955e+03
1.759900000000000091e+03
1.760200000000000045e+03
1.761200000000000045e+03
1.761600000000000136e+03
1.761700000000000045e+03
1.761700000000000045e+03
1.761700000000000045e+03
1.816299999999999955e+03
1.824700000000000045e+03
1.825100000000000136e+03
1.827900000000000091e+03
1.828500000000000000e+03
1.828600000000000136e+03
1.828900000000000091e+03
1.829100000000000136e+03
1.829900000000000091e+03
1.830299999999999955e+03
1.830400000000000091e+03
1.830600000000000136e+03
1.830900000000000091e+03
1.884700000000000045e+03
1.893900000000000091e+03
1.893900000000000091e+03
1.896500000000000000e+03
1.896799999999999955e+03
1.897500000000000000e+03
1.898000000000000000e+03
1.898299999999999955e+03
1.899000000000000000e+03
1.899100000000000136e+03
1.899299999999999955e+03
1.899400000000000091e+03
1.899600000000000136e+03
1.951500000000000000e+03
1.962200000000000045e+03
1.963299999999999955e+03
1.965200000000000045e+03
1.965700000000000045e+03
1.965799999999999955e+03
1.966900000000000091e+03
1.967700000000000045e+03
1.967900000000000091e+03
1.968100000000000136e+03
1.968200000000000045e+03
1.968700000000000045e+03
1.968799999999999955e+03
2.018799999999999955e+03
2.029200000000000045e+03
2.032400000000000091e+03
2.033700000000000045e+03
2.033700000000000045e+03
2.034200000000000045e+03
2.035299999999999955e+03
2.036299999999999955e+03
2.036299999999999955e+03
2.036600000000000136e+03
2.036799999999999955e+03
2.037400000000000091e+03
2.037500000000000000e+03
2.086300000000000182e+03
2.097599999999999909e+03
2.101800000000000182e+03
2.102000000000000000e+03
2.102300000000000182e+03
2.102900000000000091e+03
2.104099999999999909e+03
2.104800000000000182e+03
2.104900000000000091e+03
2.105400000000000091e+03
2.105599999999999909e+03
2.106000000000000000e+03
2.106099999999999909e+03
2.151099999999999909e+03
2.165300000000000182e+03
2.170199999999999818e+03
2.171000000000000000e+03
2.171300000000000182e+03
2.171500000000000000e+03
2.173000000000000000e+03
2.173199999999999818e+03
2.173300000000000182e+03
2.174000000000000000e+03
2.174199999999999818e+03
2.174699999999999818e+03
2.174800000000000182e+03
2.211000000000000000e+03
2.231300000000000182e+03
2.238099999999999909e+03
2.238099999999999909e+03
2.239400000000000091e+03
2.240599999999999909e+03
2.240900000000000091e+03
2.241500000000000000e+03
2.241599999999999909e+03
2.242500000000000000e+03
2.242599999999999909e+03
2.243000000000000000e+03
2.243300000000000182e+03
2.259300000000000182e+03
2.298200000000000273e+03
2.305900000000000091e+03
2.306400000000000091e+03
2.307900000000000091e+03
2.309300000000000182e+03
2.309500000000000000e+03
2.309500000000000000e+03
2.310000000000000000e+03
2.311000000000000000e+03
2.311300000000000182e+03
2.311300000000000182e+03
2.311900000000000091e+03
2.315700000000000273e+03
2.365300000000000182e+03
2.373000000000000000e+03
2.375200000000000273e+03
2.376599999999999909e+03
2.377300000000000182e+03
2.377900000000000091e+03
2.378000000000000000e+03
2.378500000000000000e+03
2.379400000000000091e+03
2.379700000000000273e+03
2.379900000000000091e+03
2.380599999999999909e+03
2.381599999999999909e+03
2.433800000000000182e+03
2.441200000000000273e+03
2.444500000000000000e+03
2.445400000000000091e+03
2.445599999999999909e+03
2.446099999999999909e+03
2.446300000000000182e+03
2.447099999999999909e+03
2.447300000000000182e+03
2.447800000000000182e+03
2.448500000000000000e+03
2.448700000000000273e+03
2.448900000000000091e+03
2.502200000000000273e+03
2.509400000000000091e+03
2.513000000000000000e+03
2.514099999999999909e+03
2.514599999999999909e+03
2.514599999999999909e+03
2.514800000000000182e+03
2.515900000000000091e+03
2.516599999999999909e+03
2.516800000000000182e+03
2.516800000000000182e+03
2.517099999999999909e+03
2.517700000000000273e+03
2.571700000000000273e+03
2.578099999999999909e+03
2.581800000000000182e+03
2.582599999999999909e+03
2.583000000000000000e+03
2.583099999999999909e+03
2.583300000000000182e+03
2.584700000000000273e+03
2.585000000000000000e+03
2.585200000000000273e+03
2.585400000000000091e+03
2.585500000000000000e+03
2.586500000000000000e+03
2.640400000000000091e+03
2.646400000000000091e+03
2.650400000000000091e+03
2.650700000000000273e+03
2.651500000000000000e+03
2.651599999999999909e+03
2.651900000000000091e+03
2.652700000000000273e+03
2.653400000000000091e+03
2.653800000000000182e+03
2.654000000000000000e+03
2.654099999999999909e+03
2.654800000000000182e+03
2.709300000000000182e+03
2.714700000000000273e+03
2.719000000000000000e+03
2.719099999999999909e+03
2.719900000000000091e+03
2.720200000000000273e+03
2.720200000000000273e+03
2.721599999999999909e+03
2.722200000000000273e+03
2.722700000000000273e+03
2.722700000000000273e+03
2.723000000000000000e+03
2.723599999999999909e+03
2.778200000000000273e+03
2.783200000000000273e+03
2.787400000000000091e+03
2.787800000000000182e+03
2.788500000000000000e+03
2.788800000000000182e+03
2.789400000000000091e+03
2.790000000000000000e+03
2.790900000000000091e+03
2.791000000000000000e+03
2.791200000000000273e+03
2.791300000000000182e+03
2.792000000000000000e+03
2.846599999999999909e+03
2.851599999999999909e+03
2.856500000000000000e+03
2.856800000000000182e+03
2.857500000000000000e+03
2.857599999999999909e+03
2.858000000000000000e+03
2.858700000000000273e+03
2.860000000000000000e+03
2.860099999999999909e+03
2.860099999999999909e+03
2.860599999999999909e+03
2.860900000000000091e+03
2.914800000000000182e+03
2.919500000000000000e+03
2.925300000000000182e+03
2.925800000000000182e+03
2.926300000000000182e+03
2.926300000000000182e+03
2.926800000000000182e+03
2.927800000000000182e+03
2.928700000000000273e+03
2.928900000000000091e+03
2.929200000000000273e+03
2.929599999999999909e+03
2.929800000000000182e+03
2.982200000000000273e+03
2.987700000000000273e+03
2.994700000000000273e+03
2.994800000000000182e+03
2.994900000000000091e+03
2.995099999999999909e+03
2.995400000000000091e+03
2.996500000000000000e+03
2.997500000000000000e+03
2.997599999999999909e+03
2.997900000000000091e+03
2.998300000000000182e+03
2.998500000000000000e+03
3.050099999999999909e+03
3.055400000000000091e+03
3.063400000000000091e+03
3.063700000000000273e+03
3.063700000000000273e+03
3.063900000000000091e+03
3.063900000000000091e+03
3.064800000000000182e+03
3.066000000000000000e+03
3.066500000000000000e+03
3.066599999999999909e+03
3.067099999999999909e+03
3.067200000000000273e+03
3.118500000000000000e+03
3.123400000000000091e+03
3.131800000000000182e+03
3.131900000000000091e+03
3.132500000000000000e+03
3.132700000000000273e+03
3.132900000000000091e+03
3.133400000000000091e+03
3.134700000000000273e+03
3.135400000000000091e+03
3.135599999999999909e+03
3.135599999999999909e+03
3.136000000000000000e+03
3.185400000000000091e+03
3.191099999999999909e+03
3.199099999999999909e+03
3.200300000000000182e+03
3.201300000000000182e+03
3.201400000000000091e+03
3.201500000000000000e+03
3.201900000000000091e+03
3.203400000000000091e+03
3.203800000000000182e+03
3.204000000000000000e+03
3.204200000000000273e+03
3.204700000000000273e+03
3.252599999999999909e+03
3.258700000000000273e+03
3.267599999999999909e+03
3.268400000000000091e+03
3.269400000000000091e+03
3.269800000000000182e+03
3.270099999999999909e+03
3.270099999999999909e+03
3.271700000000000273e+03
3.272099999999999909e+03
3.272400000000000091e+03
3.272800000000000182e+03
3.273099999999999909e+03
3.317300000000000182e+03
3.325200000000000273e+03
3.335300000000000182e+03
3.336599999999999909e+03
3.337700000000000273e+03
3.338099999999999909e+03
3.338300000000000182e+03
3.339000000000000000e+03
3.339900000000000091e+03
3.340500000000000000e+03
3.340800000000000182e+03
3.341200000000000273e+03
3.341200000000000273e+03
3.379400000000000091e+03
3.389800000000000182e+03
3.403200000000000273e+03
3.404400000000000091e+03
3.405500000000000000e+03
3.405700000000000273e+03
3.405800000000000182e+03
3.407300000000000182e+03
3.407800000000000182e+03
3.408700000000000273e+03
3.408800000000000182e+03
3.409099999999999909e+03
3.409200000000000273e+03
3.431700000000000273e+03
3.451800000000000182e+03
3.471300000000000182e+03
3.472099999999999909e+03
3.473200000000000273e+03
3.473599999999999909e+03
3.473599999999999909e+03
3.475800000000000182e+03
3.476300000000000182e+03
3.477099999999999909e+03
3.477400000000000091e+03
3.477400000000000091e+03
3.477800000000000182e+03
3.484900000000000091e+03
3.508000000000000000e+03
3.539700000000000273e+03
3.539800000000000182e+03
3.541000000000000000e+03
3.541200000000000273e+03
3.542000000000000000e+03
3.543900000000000091e+03
3.545000000000000000e+03
3.545400000000000091e+03
3.545500000000000000e+03
3.546099999999999909e+03
3.546400000000000091e+03
3.549400000000000091e+03
3.557400000000000091e+03
3.608000000000000000e+03
3.608300000000000182e+03
3.608400000000000091e+03
3.609900000000000091e+03
3.610599999999999909e+03
3.611599999999999909e+03
3.613400000000000091e+03
3.613500000000000000e+03
3.614000000000000000e+03
3.614700000000000273e+03
3.614700000000000273e+03
3.616400000000000091e+03
3.619500000000000000e+03
3.675500000000000000e+03
3.676599999999999909e+03
3.677700000000000273e+03
3.678200000000000273e+03
3.679300000000000182e+03
3.679800000000000182e+03
3.681700000000000273e+03
3.681800000000000182e+03
3.681900000000000091e+03
3.683000000000000000e+03
3.683099999999999909e+03
3.684000000000000000e+03
3.685700000000000273e+03
3.742500000000000000e+03
3.744500000000000000e+03
3.745800000000000182e+03
3.746099999999999909e+03
3.747300000000000182e+03
3.747599999999999909e+03
3.749700000000000273e+03
3.749900000000000091e+03
3.750000000000000000e+03
3.751300000000000182e+03
3.751500000000000000e+03
3.751599999999999909e+03
3.752800000000000182e+03
3.809700000000000273e+03
3.811800000000000182e+03
3.814200000000000273e+03
3.814300000000000182e+03
3.815200000000000273e+03
3.815400000000000091e+03
3.817300000000000182e+03
3.817700000000000273e+03
3.818300000000000182e+03
3.819099999999999909e+03
3.819200000000000273e+03
3.819599999999999909e+03
3.820099999999999909e+03
3.876300000000000182e+03
3.879200000000000273e+03
3.882500000000000000e+03
3.883200000000000273e+03
3.883300000000000182e+03
3.884500000000000000e+03
3.885400000000000091e+03
3.886400000000000091e+03
3.886800000000000182e+03
3.887400000000000091e+03
3.887500000000000000e+03
3.887500000000000000e+03
3.888400000000000091e+03
3.943500000000000000e+03
3.946700000000000273e+03
3.950700000000000273e+03
3.951599999999999909e+03
3.951800000000000182e+03
3.953800000000000182e+03
3.954200000000000273e+03
3.954800000000000182e+03
3.955700000000000273e+03
3.955900000000000091e+03
3.955900000000000091e+03
3.956200000000000273e+03
3.956400000000000091e+03
4.011000000000000000e+03
4.012800000000000182e+03
4.018400000000000091e+03
4.019900000000000091e+03
4.020200000000000273e+03
4.022300000000000182e+03
4.023500000000000000e+03
4.023500000000000000e+03
4.024099999999999909e+03
4.024300000000000182e+03
4.024599999999999909e+03
4.024599999999999909e+03
4.024700000000000273e+03
4.077800000000000182e+03
4.078599999999999909e+03
4.085400000000000091e+03
4.087700000000000273e+03
4.089200000000000273e+03
4.090500000000000000e+03
4.091800000000000182e+03
4.091900000000000091e+03
4.092099999999999909e+03
4.092700000000000273e+03
4.093099999999999909e+03
4.093200000000000273e+03
4.093400000000000091e+03
4.143399999999999636e+03
4.143500000000000000e+03
4.151600000000000364e+03
4.155199999999999818e+03
4.156600000000000364e+03
4.158000000000000000e+03
4.160100000000000364e+03
4.160199999999999818e+03
4.160500000000000000e+03
4.160600000000000364e+03
4.161100000000000364e+03
4.161800000000000182e+03
4.162000000000000000e+03
4.210199999999999818e+03
4.211399999999999636e+03
4.218699999999999818e+03
4.222399999999999636e+03
4.223800000000000182e+03
4.225500000000000000e+03
4.228199999999999818e+03
4.228699999999999818e+03
4.228899999999999636e+03
4.228899999999999636e+03
4.229300000000000182e+03
4.230500000000000000e+03
4.230600000000000364e+03
4.275100000000000364e+03
4.278300000000000182e+03
4.285699999999999818e+03
4.290199999999999818e+03
4.292399999999999636e+03
4.293500000000000000e+03
4.296300000000000182e+03
4.296399999999999636e+03
4.296800000000000182e+03
4.297500000000000000e+03
4.297600000000000364e+03
4.298699999999999818e+03
4.298800000000000182e+03
4.334300000000000182e+03
4.342600000000000364e+03
4.351800000000000182e+03
4.358300000000000182e+03
4.359800000000000182e+03
4.361300000000000182e+03
4.364300000000000182e+03
4.364600000000000364e+03
4.365399999999999636e+03
4.365899999999999636e+03
4.366000000000000000e+03
4.366899999999999636e+03
4.367199999999999818e+03
4.381300000000000182e+03
4.404300000000000182e+03
4.417900000000000546e+03
4.426000000000000000e+03
4.427500000000000000e+03
4.431500000000000000e+03
4.432400000000000546e+03
4.433199999999999818e+03
4.433900000000000546e+03
4.434300000000000182e+03
4.434400000000000546e+03
4.435000000000000000e+03
4.435500000000000000e+03
4.439100000000000364e+03
4.455699999999999818e+03
4.484300000000000182e+03
4.494900000000000546e+03
4.495500000000000000e+03
4.500600000000000364e+03
4.501300000000000182e+03
4.501900000000000546e+03
4.502500000000000000e+03
4.503000000000000000e+03
4.503199999999999818e+03
4.503400000000000546e+03
4.504199999999999818e+03
4.505199999999999818e+03
4.510000000000000000e+03
4.550699999999999818e+03
4.563600000000000364e+03
4.564600000000000364e+03
4.568400000000000546e+03
4.570400000000000546e+03
4.570500000000000000e+03
4.571000000000000000e+03
4.571600000000000364e+03
4.571699999999999818e+03
4.572199999999999818e+03
4.572800000000000182e+03
4.572900000000000546e+03
4.574800000000000182e+03
4.615300000000000182e+03
4.633500000000000000e+03
4.634300000000000182e+03
4.637000000000000000e+03
4.639100000000000364e+03
4.639400000000000546e+03
4.639699999999999818e+03
4.639800000000000182e+03
4.640199999999999818e+03
4.640699999999999818e+03
4.640699999999999818e+03
4.641400000000000546e+03
4.642100000000000364e+03
4.673400000000000546e+03
4.701600000000000364e+03
4.703600000000000364e+03
4.704699999999999818e+03
4.707900000000000546e+03
4.707900000000000546e+03
4.708000000000000000e+03
4.708100000000000364e+03
4.708699999999999818e+03
4.708699999999999818e+03
4.709400000000000546e+03
4.709900000000000546e+03
4.709900000000000546e+03
4.722199999999999818e+03
4.771300000000000182e+03
4.773500000000000000e+03
4.773500000000000000e+03
4.776600000000000364e+03
4.776699999999999818e+03
4.776900000000000546e+03
4.777000000000000000e+03
4.777100000000000364e+03
4.777199999999999818e+03
4.778000000000000000e+03
4.778400000000000546e+03
4.778900000000000546e+03
4.781400000000000546e+03
4.840699999999999818e+03
4.841800000000000182e+03
4.842199999999999818e+03
4.845100000000000364e+03
4.845500000000000000e+03
4.845800000000000182e+03
4.845900000000000546e+03
4.846100000000000364e+03
4.846100000000000364e+03
4.846400000000000546e+03
4.847199999999999818e+03
4.847500000000000000e+03
4.848300000000000182e+03
4.909699999999999818e+03
4.909800000000000182e+03
4.911300000000000182e+03
4.913699999999999818e+03
4.914699999999999818e+03
4.914699999999999818e+03
4.914800000000000182e+03
4.915000000000000000e+03
4.915199999999999818e+03
4.915300000000000182e+03
4.915900000000000546e+03
4.916199999999999818e+03
4.916500000000000000e+03
4.978300000000000182e+03
4.978300000000000182e+03
4.980600000000000364e+03
4.981900000000000546e+03
4.982900000000000546e+03
4.983500000000000000e+03
4.983600000000000364e+03
4.983800000000000182e+03
4.983800000000000182e+03
4.983900000000000546e+03
4.984100000000000364e+03
4.985100000000000364e+03
4.985199999999999818e+03
8.599999999999999645e+00
1.250000000000000000e+01
1.430000000000000071e+01
1.750000000000000000e+01
1.800000000000000000e+01
1.810000000000000142e+01
1.840000000000000213e+01
1.930000000000000071e+01
1.980000000000000071e+01
2.069999999999999929e+01
2.090000000000000213e+01
2.219999999999999929e+01
2.280000000000000071e+01
4.339999999999999858e+01
5.000000000000000000e+01
5.189999999999999858e+01
5.370000000000000284e+01
5.520000000000000284e+01
5.570000000000000284e+01
5.620000000000000284e+01
5.620000000000000284e+01
5.739999999999999858e+01
5.810000000000000142e+01
5.830000000000000426e+01
5.860000000000000142e+01
5.930000000000000426e+01
9.900000000000000000e+01
1.072000000000000028e+02
1.085000000000000000e+02
1.086000000000000085e+02
1.110000000000000000e+02
1.116000000000000085e+02
1.122000000000000028e+02
1.125000000000000000e+02
1.127999999999999972e+02
1.132999999999999972e+02
1.134000000000000057e+02
1.136000000000000085e+02
1.140000000000000000e+02
1.660000000000000000e+02
1.748000000000000114e+02
1.750999999999999943e+02
1.765000000000000000e+02
1.777000000000000171e+02
1.779000000000000057e+02
1.785999999999999943e+02
1.793000000000000114e+02
1.793000000000000114e+02
1.795000000000000000e+02
1.795999999999999943e+02
1.800999999999999943e+02
1.805000000000000000e+02
2.343000000000000114e+02
2.423000000000000114e+02
2.447000000000000171e+02
2.459000000000000057e+02
2.460999999999999943e+02
2.462000000000000171e+02
2.470000000000000000e+02
2.473000000000000114e+02
2.475999999999999943e+02
2.478000000000000114e+02
2.484000000000000057e+02
2.485000000000000000e+02
2.485000000000000000e+02
3.020000000000000000e+02
3.096000000000000227e+02
3.146000000000000227e+02
3.150000000000000000e+02
3.150000000000000000e+02
3.151000000000000227e+02
3.156999999999999886e+02
3.160000000000000000e+02
3.161000000000000227e+02
3.165000000000000000e+02
3.166999999999999886e+02
3.173000000000000114e+02
3.173000000000000114e+02
3.684000000000000341e+02
3.771000000000000227e+02
3.826999999999999886e+02
3.833000000000000114e+02
3.834000000000000341e+02
3.841000000000000227e+02
3.841999999999999886e+02
3.843000000000000114e+02
3.844000000000000341e+02
3.850000000000000000e+02
3.853000000000000114e+02
3.861000000000000227e+02
3.861999999999999886e+02
4.326000000000000227e+02
4.441999999999999886e+02
4.514000000000000341e+02
4.516999999999999886e+02
4.516999999999999886e+02
4.523000000000000114e+02
4.526000000000000227e+02
4.528000000000000114e+02
4.531000000000000227e+02
4.536999999999999886e+02
4.536999999999999886e+02
4.543000000000000114e+02
4.551999999999999886e+02
4.915000000000000000e+02
5.103000000000000114e+02
5.192999999999999545e+02
5.200000000000000000e+02
5.203999999999999773e+02
5.212000000000000455e+02
5.212999999999999545e+02
5.212999999999999545e+02
5.212999999999999545e+02
5.220000000000000000e+02
5.232999999999999545e+02
5.233999999999999773e+02
5.237999999999999545e+02
5.422000000000000455e+02
5.761000000000000227e+02
5.877000000000000455e+02
5.883999999999999773e+02
5.888999999999999773e+02
5.898000000000000682e+02
5.902000000000000455e+02
5.905000000000000000e+02
5.905000000000000000e+02
5.911000000000000227e+02
5.920000000000000000e+02
5.925000000000000000e+02
5.926000000000000227e+02
5.990000000000000000e+02
6.426000000000000227e+02
6.560000000000000000e+02
6.560000000000000000e+02
6.568999999999999773e+02
6.585000000000000000e+02
6.593000000000000682e+02
6.593999999999999773e+02
6.595000000000000000e+02
6.606000000000000227e+02
6.611000000000000227e+02
6.613000000000000682e+02
6.615000000000000000e+02
6.646000000000000227e+02
7.085000000000000000e+02
7.238000000000000682e+02
7.246000000000000227e+02
7.258999999999999773e+02
7.271000000000000227e+02
7.281000000000000227e+02
7.282000000000000455e+02
7.285000000000000000e+02
7.295000000000000000e+02
7.298999999999999773e+02
7.301000000000000227e+02
7.303000000000000682e+02
7.318000000000000682e+02
7.701000000000000227e+02
7.912000000000000455e+02
7.922000000000000455e+02
7.951000000000000227e+02
7.956000000000000227e+02
7.963000000000000682e+02
7.970000000000000000e+02
7.973999999999999773e+02
7.987000000000000455e+02
7.987000000000000455e+02
7.990000000000000000e+02
7.991000000000000227e+02
7.995000000000000000e+02
8.207000000000000455e+02
8.600000000000000000e+02
8.623999999999999773e+02
8.636000000000000227e+02
8.643000000000000682e+02
8.643999999999999773e+02
8.658999999999999773e+02
8.668000000000000682e+02
8.672000000000000455e+02
8.673999999999999773e+02
8.676000000000000227e+02
8.677000000000000455e+02
8.680000000000000000e+02
8.742000000000000455e+02
9.278000000000000682e+02
9.322000000000000455e+02
9.328999999999999773e+02
9.330000000000000000e+02
9.331000000000000227e+02
9.348999999999999773e+02
9.355000000000000000e+02
9.360000000000000000e+02
9.360000000000000000e+02
9.365000000000000000e+02
9.366000000000000227e+02
9.368999999999999773e+02
9.396000000000000227e+02
9.957000000000000455e+02
1.000899999999999977e+03
1.001200000000000045e+03
1.001800000000000068e+03
1.002300000000000068e+03
1.002899999999999977e+03
1.003800000000000068e+03
1.004600000000000023e+03
1.005200000000000045e+03
1.005300000000000068e+03
1.005399999999999977e+03
1.005899999999999977e+03
1.007000000000000000e+03
1.063299999999999955e+03
1.070000000000000000e+03
1.070099999999999909e+03
1.070099999999999909e+03
1.070200000000000045e+03
1.071299999999999955e+03
1.072400000000000091e+03
1.072799999999999955e+03
1.074000000000000000e+03
1.074200000000000045e+03
1.074299999999999955e+03
1.074599999999999909e+03
1.074799999999999955e+03
1.132700000000000045e+03
1.138400000000000091e+03
1.138799999999999955e+03
1.139700000000000045e+03
1.139900000000000091e+03
1.140100000000000136e+03
1.141299999999999955e+03
1.141799999999999955e+03
1.142799999999999955e+03
1.142900000000000091e+03
1.142900000000000091e+03
1.143200000000000045e+03
1.143500000000000000e+03
1.201900000000000091e+03
1.206900000000000091e+03
1.207500000000000000e+03
1.208700000000000045e+03
1.208700000000000045e+03
1.209400000000000091e+03
1.210200000000000045e+03
1.210200000000000045e+03
1.211200000000000045e+03
1.211500000000000000e+03
1.212000000000000000e+03
1.212400000000000091e+03
1.212500000000000000e+03
1.270500000000000000e+03
1.275299999999999955e+03
1.275900000000000091e+03
1.276600000000000136e+03
1.277799999999999955e+03
1.278100000000000136e+03
1.278400000000000091e+03
1.278600000000000136e+03
1.278799999999999955e+03
1.279900000000000091e+03
1.281000000000000000e+03
1.281000000000000000e+03
1.281100000000000136e+03
1.339700000000000045e+03
1.343700000000000045e+03
1.344900000000000091e+03
1.345299999999999955e+03
1.346100000000000136e+03
1.346700000000000045e+03
1.346900000000000091e+03
1.347200000000000045e+03
1.347299999999999955e+03
1.348600000000000136e+03
1.349500000000000000e+03
1.349900000000000091e+03
1.349900000000000091e+03
1.408900000000000091e+03
1.411600000000000136e+03
1.413000000000000000e+03
1.413200000000000045e+03
1.414500000000000000e+03
1.414700000000000045e+03
1.415400000000000091e+03
1.415799999999999955e+03
1.415799999999999955e+03
1.417299999999999955e+03
1.418700000000000045e+03
1.418700000000000045e+03
1.418799999999999955e+03
1.477900000000000091e+03
1.480000000000000000e+03
1.480900000000000091e+03
1.481700000000000045e+03
1.483100000000000136e+03
1.483700000000000045e+03
1.483700000000000045e+03
1.484100000000000136e+03
1.484200000000000045e+03
1.485799999999999955e+03
1.487100000000000136e+03
1.487299999999999955e+03
1.487500000000000000e+03
1.547200000000000045e+03
1.548700000000000045e+03
1.550000000000000000e+03
1.550400000000000091e+03
1.551700000000000045e+03
1.551799999999999955e+03
1.552200000000000045e+03
1.552700000000000045e+03
1.553400000000000091e+03
1.554400000000000091e+03
1.555700000000000045e+03
1.555799999999999955e+03
1.556000000000000000e+03
1.616700000000000045e+03
1.617600000000000136e+03
1.617799999999999955e+03
1.619500000000000000e+03
1.620500000000000000e+03
1.620600000000000136e+03
1.621200000000000045e+03
1.621299999999999955e+03
1.621799999999999955e+03
1.623100000000000136e+03
1.624500000000000000e+03
1.624600000000000136e+03
1.624799999999999955e+03
1.685799999999999955e+03
1.685799999999999955e+03
1.686200000000000045e+03
1.687500000000000000e+03
1.689299999999999955e+03
1.689799999999999955e+03
1.690100000000000136e+03
1.690400000000000091e+03
1.690700000000000045e+03
1.691299999999999955e+03
1.692700000000000045e+03
1.693000000000000000e+03
1.693799999999999955e+03
1.753600000000000136e+03
1.754900000000000091e+03
1.755200000000000045e+03
1.755200000000000045e+03
1.757299999999999955e+03
1.759000000000000000e+03
1.759100000000000136e+03
1.759400000000000091e+03
1.760000000000000000e+03
1.760000000000000000e+03
1.761400000000000091e+03
1.761500000000000000e+03
1.762299999999999955e+03
1.822500000000000000e+03
1.823000000000000000e+03
1.824400000000000091e+03
1.825200000000000045e+03
1.825500000000000000e+03
1.827500000000000000e+03
1.827900000000000091e+03
1.828200000000000045e+03
1.829299999999999955e+03
1.829299999999999955e+03
1.830400000000000091e+03
1.830700000000000045e+03
1.831100000000000136e+03
1.890799999999999955e+03
1.891600000000000136e+03
1.893600000000000136e+03
1.894299999999999955e+03
1.894500000000000000e+03
1.896700000000000045e+03
1.897100000000000136e+03
1.897500000000000000e+03
1.898000000000000000e+03
1.898600000000000136e+03
1.899100000000000136e+03
1.899700000000000045e+03
1.900000000000000000e+03
1.958900000000000091e+03
1.960400000000000091e+03
1.962200000000000045e+03
1.962500000000000000e+03
1.963400000000000091e+03
1.965799999999999955e+03
1.965900000000000091e+03
1.966700000000000045e+03
1.967299999999999955e+03
1.967700000000000045e+03
1.968100000000000136e+03
1.968700000000000045e+03
1.969000000000000000e+03
2.026000000000000000e+03
2.029100000000000136e+03
2.030400000000000091e+03
2.030900000000000091e+03
2.031000000000000000e+03
2.034299999999999955e+03
2.034299999999999955e+03
2.035400000000000091e+03
2.036100000000000136e+03
2.036700000000000045e+03
2.037100000000000136e+03
2.037100000000000136e+03
2.037500000000000000e+03
2.093099999999999909e+03
2.097400000000000091e+03
2.098000000000000000e+03
2.098900000000000091e+03
2.099000000000000000e+03
2.102500000000000000e+03
2.102599999999999909e+03
2.104500000000000000e+03
2.104900000000000091e+03
2.105500000000000000e+03
2.106000000000000000e+03
2.106099999999999909e+03
2.106199999999999818e+03
2.159900000000000091e+03
2.165000000000000000e+03
2.166800000000000182e+03
2.167500000000000000e+03
2.167599999999999909e+03
2.170699999999999818e+03
2.171400000000000091e+03
2.173199999999999818e+03
2.173599999999999909e+03
2.174099999999999909e+03
2.174699999999999818e+03
2.174800000000000182e+03
2.175099999999999909e+03
2.223500000000000000e+03
2.232500000000000000e+03
2.234400000000000091e+03
2.234700000000000273e+03
2.235000000000000000e+03
2.238900000000000091e+03
2.239599999999999909e+03
2.241800000000000182e+03
2.241900000000000091e+03
2.242599999999999909e+03
2.242800000000000182e+03
2.243099999999999909e+03
2.243599999999999909e+03
2.286700000000000273e+03
2.301500000000000000e+03
2.302400000000000091e+03
2.303599999999999909e+03
2.305099999999999909e+03
2.307599999999999909e+03
2.308400000000000091e+03
2.310400000000000091e+03
2.310800000000000182e+03
2.310900000000000091e+03
2.311099999999999909e+03
2.311900000000000091e+03
2.312200000000000273e+03
2.341800000000000182e+03
2.370099999999999909e+03
2.370700000000000273e+03
2.372800000000000182e+03
2.375900000000000091e+03
2.376500000000000000e+03
2.377300000000000182e+03
2.378900000000000091e+03
2.379000000000000000e+03
2.379200000000000273e+03
2.379500000000000000e+03
2.380500000000000000e+03
2.380599999999999909e+03
2.389599999999999909e+03
2.438300000000000182e+03
2.440099999999999909e+03
2.442099999999999909e+03
2.444900000000000091e+03
2.445300000000000182e+03
2.446200000000000273e+03
2.447300000000000182e+03
2.447599999999999909e+03
2.447700000000000273e+03
2.447700000000000273e+03
2.448800000000000182e+03
2.448900000000000091e+03
2.452099999999999909e+03
2.506300000000000182e+03
2.509800000000000182e+03
2.510400000000000091e+03
2.513700000000000273e+03
2.514300000000000182e+03
2.514900000000000091e+03
2.515599999999999909e+03
2.515800000000000182e+03
2.516300000000000182e+03
2.516400000000000091e+03
2.517599999999999909e+03
2.517599999999999909e+03
2.519000000000000000e+03
2.574400000000000091e+03
2.578599999999999909e+03
2.579800000000000182e+03
2.582300000000000182e+03
2.583200000000000273e+03
2.583800000000000182e+03
2.584200000000000273e+03
2.584300000000000182e+03
2.584700000000000273e+03
2.584900000000000091e+03
2.586200000000000273e+03
2.586200000000000273e+03
2.586500000000000000e+03
2.643300000000000182e+03
2.648700000000000273e+03
2.648800000000000182e+03
2.650599999999999909e+03
2.652000000000000000e+03
2.652200000000000273e+03
2.652500000000000000e+03
2.652900000000000091e+03
2.653000000000000000e+03
2.653599999999999909e+03
2.654400000000000091e+03
2.654700000000000273e+03
2.654900000000000091e+03
2.712500000000000000e+03
2.717200000000000273e+03
2.717800000000000182e+03
2.719599999999999909e+03
2.720599999999999909e+03
2.721000000000000000e+03
2.721099999999999909e+03
2.721300000000000182e+03
2.721400000000000091e+03
2.722400000000000091e+03
2.722400000000000091e+03
2.723099999999999909e+03
2.723300000000000182e+03
2.782599999999999909e+03
2.785599999999999909e+03
2.787300000000000182e+03
2.788500000000000000e+03
2.789099999999999909e+03
2.789800000000000182e+03
2.790000000000000000e+03
2.790099999999999909e+03
2.790300000000000182e+03
2.790700000000000273e+03
2.791000000000000000e+03
2.791599999999999909e+03
2.792099999999999909e+03
2.851900000000000091e+03
2.854700000000000273e+03
2.857200000000000273e+03
2.857500000000000000e+03
2.857700000000000273e+03
2.858800000000000182e+03
2.858800000000000182e+03
2.858800000000000182e+03
2.859400000000000091e+03
2.859900000000000091e+03
2.860099999999999909e+03
2.860500000000000000e+03
2.861000000000000000e+03
2.922300000000000182e+03
2.923800000000000182e+03
2.926099999999999909e+03
2.926500000000000000e+03
2.926500000000000000e+03
2.927500000000000000e+03
2.927599999999999909e+03
2.927700000000000273e+03
2.928000000000000000e+03
2.928700000000000273e+03
2.928900000000000091e+03
2.929500000000000000e+03
2.929700000000000273e+03
2.992200000000000273e+03
2.992300000000000182e+03
2.995000000000000000e+03
2.995200000000000273e+03
2.995800000000000182e+03
2.996200000000000273e+03
2.996200000000000273e+03
2.996500000000000000e+03
2.996800000000000182e+03
2.997599999999999909e+03
2.997700000000000273e+03
2.998300000000000182e+03
2.998400000000000091e+03
3.060500000000000000e+03
3.060700000000000273e+03
3.063599999999999909e+03
3.064000000000000000e+03
3.064599999999999909e+03
3.064800000000000182e+03
3.065000000000000000e+03
3.065300000000000182e+03
3.065500000000000000e+03
3.066400000000000091e+03
3.066400000000000091e+03
3.067000000000000000e+03
3.067200000000000273e+03
3.129000000000000000e+03
3.130200000000000273e+03
3.132400000000000091e+03
3.132700000000000273e+03
3.133200000000000273e+03
3.133500000000000000e+03
3.133599999999999909e+03
3.133800000000000182e+03
3.134099999999999909e+03
3.135099999999999909e+03
3.135200000000000273e+03
3.135700000000000273e+03
3.135900000000000091e+03
3.197400000000000091e+03
3.199099999999999909e+03
3.200700000000000273e+03
3.200800000000000182e+03
3.201900000000000091e+03
3.202000000000000000e+03
3.202099999999999909e+03
3.202700000000000273e+03
3.202700000000000273e+03
3.203700000000000273e+03
3.203700000000000273e+03
3.204300000000000182e+03
3.204400000000000091e+03
3.265599999999999909e+03
3.267900000000000091e+03
3.268900000000000091e+03
3.269200000000000273e+03
3.270099999999999909e+03
3.270400000000000091e+03
3.270599999999999909e+03
3.270800000000000182e+03
3.271000000000000000e+03
3.272000000000000000e+03
3.272099999999999909e+03
3.272700000000000273e+03
3.273099999999999909e+03
3.334000000000000000e+03
3.336200000000000273e+03
3.337000000000000000e+03
3.337200000000000273e+03
3.338599999999999909e+03
3.338700000000000273e+03
3.338700000000000273e+03
3.339400000000000091e+03
3.339700000000000273e+03
3.339800000000000182e+03
3.340400000000000091e+03
3.340900000000000091e+03
3.341000000000000000e+03
3.402500000000000000e+03
3.404000000000000000e+03
3.404800000000000182e+03
3.405000000000000000e+03
3.406599999999999909e+03
3.406700000000000273e+03
3.406800000000000182e+03
3.406900000000000091e+03
3.407300000000000182e+03
3.407900000000000091e+03
3.408599999999999909e+03
3.409000000000000000e+03
3.409300000000000182e+03
3.472000000000000000e+03
3.472700000000000273e+03
3.473300000000000182e+03
3.473300000000000182e+03
3.474800000000000182e+03
3.474800000000000182e+03
3.474900000000000091e+03
3.475200000000000273e+03
3.475200000000000273e+03
3.476300000000000182e+03
3.476800000000000182e+03
3.477300000000000182e+03
3.477700000000000273e+03
3.541300000000000182e+03
3.541500000000000000e+03
3.541900000000000091e+03
3.542400000000000091e+03
3.542700000000000273e+03
3.542800000000000182e+03
3.543200000000000273e+03
3.543200000000000273e+03
3.543700000000000273e+03
3.544500000000000000e+03
3.544900000000000091e+03
3.545700000000000273e+03
3.546300000000000182e+03
3.609900000000000091e+03
3.610200000000000273e+03
3.610599999999999909e+03
3.610700000000000273e+03
3.610800000000000182e+03
3.611000000000000000e+03
3.611000000000000000e+03
3.611300000000000182e+03
3.612700000000000273e+03
3.612800000000000182e+03
3.613000000000000000e+03
3.614200000000000273e+03
3.614599999999999909e+03
3.678300000000000182e+03
3.678500000000000000e+03
3.678900000000000091e+03
3.679099999999999909e+03
3.679099999999999909e+03
3.679200000000000273e+03
3.679300000000000182e+03
3.680400000000000091e+03
3.680900000000000091e+03
3.681400000000000091e+03
3.681500000000000000e+03
3.682500000000000000e+03
3.682900000000000091e+03
3.745900000000000091e+03
3.746400000000000091e+03
3.746500000000000000e+03
3.746700000000000273e+03
3.747099999999999909e+03
3.747599999999999909e+03
3.748400000000000091e+03
3.748500000000000000e+03
3.749200000000000273e+03
3.749300000000000182e+03
3.749700000000000273e+03
3.750400000000000091e+03
3.751200000000000273e+03
3.813500000000000000e+03
3.813800000000000182e+03
3.814200000000000273e+03
3.814700000000000273e+03
3.815800000000000182e+03
3.816000000000000000e+03
3.816099999999999909e+03
3.816900000000000091e+03
3.817200000000000273e+03
3.817300000000000182e+03
3.817500000000000000e+03
3.818800000000000182e+03
3.819200000000000273e+03
3.880300000000000182e+03
3.882400000000000091e+03
3.882800000000000182e+03
3.883000000000000000e+03
3.884000000000000000e+03
3.884400000000000091e+03
3.885000000000000000e+03
3.885300000000000182e+03
3.885300000000000182e+03
3.886200000000000273e+03
3.886300000000000182e+03
3.887099999999999909e+03
3.887200000000000273e+03
3.947599999999999909e+03
3.950500000000000000e+03
3.951200000000000273e+03
3.951400000000000091e+03
3.952400000000000091e+03
3.952900000000000091e+03
3.953099999999999909e+03
3.953200000000000273e+03
3.954900000000000091e+03
3.955000000000000000e+03
3.955000000000000000e+03
3.955700000000000273e+03
3.956099999999999909e+03
4.016200000000000273e+03
4.018599999999999909e+03
4.019700000000000273e+03
4.019800000000000182e+03
4.020800000000000182e+03
4.021099999999999909e+03
4.021300000000000182e+03
4.021599999999999909e+03
4.023200000000000273e+03
4.023200000000000273e+03
4.023800000000000182e+03
4.024099999999999909e+03
4.025000000000000000e+03
4.084700000000000273e+03
4.086200000000000273e+03
4.087900000000000091e+03
4.088200000000000273e+03
4.088500000000000000e+03
4.088800000000000182e+03
4.089300000000000182e+03
4.089900000000000091e+03
4.091900000000000091e+03
4.091900000000000091e+03
4.092200000000000273e+03
4.092800000000000182e+03
4.093599999999999909e+03
4.153300000000000182e+03
4.154399999999999636e+03
4.155800000000000182e+03
4.156000000000000000e+03
4.156300000000000182e+03
4.157199999999999818e+03
4.157899999999999636e+03
4.159800000000000182e+03
4.160100000000000364e+03
4.160399999999999636e+03
4.160399999999999636e+03
4.161399999999999636e+03
4.162000000000000000e+03
4.221600000000000364e+03
4.223199999999999818e+03
4.224500000000000000e+03
4.224699999999999818e+03
4.225100000000000364e+03
4.225199999999999818e+03
4.225899999999999636e+03
4.228600000000000364e+03
4.228800000000000182e+03
4.228899999999999636e+03
4.229199999999999818e+03
4.230000000000000000e+03
4.230300000000000182e+03
4.289300000000000182e+03
4.290600000000000364e+03
4.292800000000000182e+03
4.292899999999999636e+03
4.293600000000000364e+03
4.293699999999999818e+03
4.294000000000000000e+03
4.296500000000000000e+03
4.296899999999999636e+03
4.297000000000000000e+03
4.297600000000000364e+03
4.298000000000000000e+03
4.298899999999999636e+03
4.357199999999999818e+03
4.358199999999999818e+03
4.361000000000000000e+03
4.361600000000000364e+03
4.361699999999999818e+03
4.362199999999999818e+03
4.363600000000000364e+03
4.364899999999999636e+03
4.365199999999999818e+03
4.365399999999999636e+03
4.365800000000000182e+03
4.366100000000000364e+03
4.367000000000000000e+03
4.427000000000000000e+03
4.427000000000000000e+03
4.430000000000000000e+03
4.431000000000000000e+03
4.431000000000000000e+03
4.431100000000000364e+03
4.432800000000000182e+03
4.433100000000000364e+03
4.433400000000000546e+03
4.433699999999999818e+03
4.434000000000000000e+03
4.434100000000000364e+03
4.435500000000000000e+03
4.495199999999999818e+03
4.496500000000000000e+03
4.498400000000000546e+03
4.499800000000000182e+03
4.500000000000000000e+03
4.500100000000000364e+03
4.501600000000000364e+03
4.501600000000000364e+03
4.501800000000000182e+03
4.501900000000000546e+03
4.502300000000000182e+03
4.502500000000000000e+03
4.504100000000000364e+03
4.564500000000000000e+03
4.565400000000000546e+03
4.567000000000000000e+03
4.568400000000000546e+03
4.568800000000000182e+03
4.568900000000000546e+03
4.569900000000000546e+03
4.570100000000000364e+03
4.570500000000000000e+03
4.570699999999999818e+03
4.570900000000000546e+03
4.571100000000000364e+03
4.572600000000000364e+03
4.632900000000000546e+03
4.634900000000000546e+03
4.636000000000000000e+03
4.637100000000000364e+03
4.637699999999999818e+03
4.637900000000000546e+03
4.638500000000000000e+03
4.638500000000000000e+03
4.638800000000000182e+03
4.639300000000000182e+03
4.639500000000000000e+03
4.639600000000000364e+03
4.641199999999999818e+03
4.701699999999999818e+03
4.704000000000000000e+03
4.704199999999999818e+03
4.705400000000000546e+03
4.705600000000000364e+03
4.706400000000000546e+03
4.707199999999999818e+03
4.707300000000000182e+03
4.707500000000000000e+03
4.707900000000000546e+03
4.708000000000000000e+03
4.708100000000000364e+03
4.709699999999999818e+03
4.770199999999999818e+03
4.772800000000000182e+03
4.773600000000000364e+03
4.773600000000000364e+03
4.774199999999999818e+03
4.775400000000000546e+03
4.775800000000000182e+03
4.776400000000000546e+03
4.776500000000000000e+03
4.776600000000000364e+03
4.776800000000000182e+03
4.777300000000000182e+03
4.778500000000000000e+03
4.839000000000000000e+03
4.841800000000000182e+03
4.842400000000000546e+03
4.842699999999999818e+03
4.843699999999999818e+03
4.844199999999999818e+03
4.844400000000000546e+03
4.845300000000000182e+03
4.845300000000000182e+03
4.845400000000000546e+03
4.845600000000000364e+03
4.846300000000000182e+03
4.847400000000000546e+03
4.907400000000000546e+03
4.910699999999999818e+03
4.911500000000000000e+03
4.911600000000000364e+03
4.912600000000000364e+03
4.913199999999999818e+03
4.913300000000000182e+03
4.914300000000000182e+03
4.914300000000000182e+03
4.914600000000000364e+03
4.914699999999999818e+03
4.915199999999999818e+03
4.916300000000000182e+03
4.975800000000000182e+03
4.979199999999999818e+03
4.979800000000000182e+03
4.980699999999999818e+03
4.981600000000000364e+03
4.981600000000000364e+03
4.981600000000000364e+03
4.983000000000000000e+03
4.983199999999999818e+03
4.983400000000000546e+03
4.983699999999999818e+03
4.984000000000000000e+03
4.984699999999999818e+03
1.650000000000000000e+01
1.730000000000000071e+01
1.780000000000000071e+01
1.830000000000000071e+01
1.919999999999999929e+01
1.960000000000000142e+01
1.980000000000000071e+01
1.990000000000000213e+01
2.160000000000000142e+01
2.180000000000000071e+01
2.200000000000000000e+01
2.210000000000000142e+01
2.240000000000000213e+01
5.439999999999999858e+01
5.470000000000000284e+01
5.480000000000000426e+01
5.580000000000000426e+01
5.630000000000000426e+01
5.680000000000000426e+01
5.760000000000000142e+01
5.770000000000000284e+01
5.860000000000000142e+01
5.870000000000000284e+01
5.910000000000000142e+01
5.910000000000000142e+01
5.950000000000000000e+01
1.087000000000000028e+02
1.095000000000000000e+02
1.111000000000000085e+02
1.121000000000000085e+02
1.122999999999999972e+02
1.127999999999999972e+02
1.131000000000000085e+02
1.135000000000000000e+02
1.136000000000000085e+02
1.137999999999999972e+02
1.141000000000000085e+02
1.141000000000000085e+02
1.146000000000000085e+02
1.747000000000000171e+02
1.752000000000000171e+02
1.787000000000000171e+02
1.788000000000000114e+02
1.789000000000000057e+02
1.793000000000000114e+02
1.795999999999999943e+02
1.797000000000000171e+02
1.798000000000000114e+02
1.800000000000000000e+02
1.803000000000000114e+02
1.803000000000000114e+02
1.805999999999999943e+02
2.429000000000000057e+02
2.438000000000000114e+02
2.465000000000000000e+02
2.470000000000000000e+02
2.470000000000000000e+02
2.475999999999999943e+02
2.479000000000000057e+02
2.480000000000000000e+02
2.482000000000000171e+02
2.482000000000000171e+02
2.488000000000000114e+02
2.492000000000000171e+02
2.492000000000000171e+02
3.108000000000000114e+02
3.121000000000000227e+02
3.153000000000000114e+02
3.154000000000000341e+02
3.155000000000000000e+02
3.156999999999999886e+02
3.166000000000000227e+02
3.166000000000000227e+02
3.169000000000000341e+02
3.171000000000000227e+02
3.175000000000000000e+02
3.179000000000000341e+02
3.179000000000000341e+02
3.781000000000000227e+02
3.805000000000000000e+02
3.833000000000000114e+02
3.836000000000000227e+02
3.838000000000000114e+02
3.839000000000000341e+02
3.846999999999999886e+02
3.848000000000000114e+02
3.851000000000000227e+02
3.854000000000000341e+02
3.861000000000000227e+02
3.861999999999999886e+02
3.863000000000000114e+02
4.445000000000000000e+02
4.485000000000000000e+02
4.518000000000000114e+02
4.519000000000000341e+02
4.521999999999999886e+02
4.525000000000000000e+02
4.531000000000000227e+02
4.536000000000000227e+02
4.536999999999999886e+02
4.539000000000000341e+02
4.545000000000000000e+02
4.545000000000000000e+02
4.546000000000000227e+02
5.099000000000000341e+02
5.178999999999999773e+02
5.202999999999999545e+02
5.202999999999999545e+02
5.210000000000000000e+02
5.210000000000000000e+02
5.217000000000000455e+02
5.220000000000000000e+02
5.223999999999999773e+02
5.227000000000000455e+02
5.228999999999999773e+02
5.230000000000000000e+02
5.235000000000000000e+02
5.788000000000000682e+02
5.882000000000000455e+02
5.891000000000000227e+02
5.892000000000000455e+02
5.897000000000000455e+02
5.897000000000000455e+02
5.912000000000000455e+02
5.912000000000000455e+02
5.915000000000000000e+02
5.915000000000000000e+02
5.916000000000000227e+02
5.918999999999999773e+02
5.923000000000000682e+02
6.476000000000000227e+02
6.575000000000000000e+02
6.577000000000000455e+02
6.578999999999999773e+02
6.580000000000000000e+02
6.596000000000000227e+02
6.602000000000000455e+02
6.602000000000000455e+02
6.603999999999999773e+02
6.607000000000000455e+02
6.608999999999999773e+02
6.610000000000000000e+02
6.613999999999999773e+02
7.163000000000000682e+02
7.263000000000000682e+02
7.263000000000000682e+02
7.267000000000000455e+02
7.267000000000000455e+02
7.287000000000000455e+02
7.292000000000000455e+02
7.293000000000000682e+02
7.298000000000000682e+02
7.298000000000000682e+02
7.298000000000000682e+02
7.298999999999999773e+02
7.303999999999999773e+02
7.848000000000000682e+02
7.943999999999999773e+02
7.946000000000000227e+02
7.960000000000000000e+02
7.963999999999999773e+02
7.973999999999999773e+02
7.978999999999999773e+02
7.981000000000000227e+02
7.981000000000000227e+02
7.987000000000000455e+02
7.988000000000000682e+02
7.991000000000000227e+02
7.991000000000000227e+02
8.535000000000000000e+02
8.625000000000000000e+02
8.630000000000000000e+02
8.648000000000000682e+02
8.653000000000000682e+02
8.662000000000000455e+02
8.666000000000000227e+02
8.668999999999999773e+02
8.670000000000000000e+02
8.673000000000000682e+02
8.675000000000000000e+02
8.678000000000000682e+02
8.678999999999999773e+02
9.217000000000000455e+02
9.313999999999999773e+02
9.313999999999999773e+02
9.341000000000000227e+02
9.343000000000000682e+02
9.348999999999999773e+02
9.353000000000000682e+02
9.355000000000000000e+02
9.356000000000000227e+02
9.361000000000000227e+02
9.362000000000000455e+02
9.367000000000000455e+02
9.373000000000000682e+02
9.903999999999999773e+02
9.993000000000000682e+02
9.997000000000000455e+02
1.003399999999999977e+03
1.003399999999999977e+03
1.003600000000000023e+03
1.003800000000000068e+03
1.004500000000000000e+03
1.004500000000000000e+03
1.004700000000000045e+03
1.004800000000000068e+03
1.005399999999999977e+03
1.006500000000000000e+03
1.058799999999999955e+03
1.067500000000000000e+03
1.067900000000000091e+03
1.071700000000000045e+03
1.071900000000000091e+03
1.072000000000000000e+03
1.072500000000000000e+03
1.072900000000000091e+03
1.073000000000000000e+03
1.073400000000000091e+03
1.073599999999999909e+03
1.074000000000000000e+03
1.075099999999999909e+03
1.127400000000000091e+03
1.135799999999999955e+03
1.137400000000000091e+03
1.139799999999999955e+03
1.140700000000000045e+03
1.141100000000000136e+03
1.141500000000000000e+03
1.141500000000000000e+03
1.141600000000000136e+03
1.141799999999999955e+03
1.142500000000000000e+03
1.142700000000000045e+03
1.144200000000000045e+03
1.196400000000000091e+03
1.204799999999999955e+03
1.206600000000000136e+03
1.208700000000000045e+03
1.209400000000000091e+03
1.209600000000000136e+03
1.210100000000000136e+03
1.210299999999999955e+03
1.210600000000000136e+03
1.210700000000000045e+03
1.211400000000000091e+03
1.211700000000000045e+03
1.212900000000000091e+03
1.264600000000000136e+03
1.272799999999999955e+03
1.276600000000000136e+03
1.276799999999999955e+03
1.277799999999999955e+03
1.278700000000000045e+03
1.279200000000000045e+03
1.279299999999999955e+03
1.279299999999999955e+03
1.279600000000000136e+03
1.279900000000000091e+03
1.280400000000000091e+03
1.281500000000000000e+03
1.332700000000000045e+03
1.341700000000000045e+03
1.345299999999999955e+03
1.346299999999999955e+03
1.346500000000000000e+03
1.347700000000000045e+03
1.348200000000000045e+03
1.348200000000000045e+03
1.348400000000000091e+03
1.348700000000000045e+03
1.349100000000000136e+03
1.349299999999999955e+03
1.350400000000000091e+03
1.399400000000000091e+03
1.409700000000000045e+03
1.414299999999999955e+03
1.414799999999999955e+03
1.415400000000000091e+03
1.416500000000000000e+03
1.416799999999999955e+03
1.416900000000000091e+03
1.417100000000000136e+03
1.417200000000000045e+03
1.417600000000000136e+03
1.417600000000000136e+03
1.419100000000000136e+03
1.467400000000000091e+03
1.477500000000000000e+03
1.482400000000000091e+03
1.483100000000000136e+03
1.484400000000000091e+03
1.484900000000000091e+03
1.485299999999999955e+03
1.485400000000000091e+03
1.485500000000000000e+03
1.485700000000000045e+03
1.485900000000000091e+03
1.485900000000000091e+03
1.487600000000000136e+03
1.534700000000000045e+03
1.546500000000000000e+03
1.550299999999999955e+03
1.551700000000000045e+03
1.553200000000000045e+03
1.553299999999999955e+03
1.553700000000000045e+03
1.553900000000000091e+03
1.554000000000000000e+03
1.554400000000000091e+03
1.554400000000000091e+03
1.554799999999999955e+03
1.556200000000000045e+03
1.600500000000000000e+03
1.614200000000000045e+03
1.619799999999999955e+03
1.619900000000000091e+03
1.622200000000000045e+03
1.622299999999999955e+03
1.622500000000000000e+03
1.622500000000000000e+03
1.622600000000000136e+03
1.622700000000000045e+03
1.623000000000000000e+03
1.623299999999999955e+03
1.624799999999999955e+03
1.663700000000000045e+03
1.682100000000000136e+03
1.688200000000000045e+03
1.689100000000000136e+03
1.690600000000000136e+03
1.690799999999999955e+03
1.690900000000000091e+03
1.691100000000000136e+03
1.691100000000000136e+03
1.691400000000000091e+03
1.691700000000000045e+03
1.692299999999999955e+03
1.693200000000000045e+03
1.718500000000000000e+03
1.749900000000000091e+03
1.756700000000000045e+03
1.757799999999999955e+03
1.759200000000000045e+03
1.759500000000000000e+03
1.759600000000000136e+03
1.759700000000000045e+03
1.759700000000000045e+03
1.760299999999999955e+03
1.760500000000000000e+03
1.760700000000000045e+03
1.761299999999999955e+03
1.769500000000000000e+03
1.819200000000000045e+03
1.825799999999999955e+03
1.827400000000000091e+03
1.827900000000000091e+03
1.828600000000000136e+03
1.828600000000000136e+03
1.828700000000000045e+03
1.828799999999999955e+03
1.828900000000000091e+03
1.829200000000000045e+03
1.829500000000000000e+03
1.830100000000000136e+03
1.833600000000000136e+03
1.888500000000000000e+03
1.894400000000000091e+03
1.896500000000000000e+03
1.897000000000000000e+03
1.897000000000000000e+03
1.897500000000000000e+03
1.897700000000000045e+03
1.898000000000000000e+03
1.898000000000000000e+03
1.898200000000000045e+03
1.898500000000000000e+03
1.898799999999999955e+03
1.901000000000000000e+03
1.956700000000000045e+03
1.963299999999999955e+03
1.965700000000000045e+03
1.966000000000000000e+03
1.966200000000000045e+03
1.966200000000000045e+03
1.966600000000000136e+03
1.966600000000000136e+03
1.966900000000000091e+03
1.967000000000000000e+03
1.967600000000000136e+03
1.967799999999999955e+03
1.969200000000000045e+03
2.025000000000000000e+03
2.032100000000000136e+03
2.034200000000000045e+03
2.034400000000000091e+03
2.034500000000000000e+03
2.034600000000000136e+03
2.034900000000000091e+03
2.035100000000000136e+03
2.035700000000000045e+03
2.035700000000000045e+03
2.036299999999999955e+03
2.036400000000000091e+03
2.036799999999999955e+03
2.093699999999999818e+03
2.100699999999999818e+03
2.102400000000000091e+03
2.102699999999999818e+03
2.102900000000000091e+03
2.103199999999999818e+03
2.103500000000000000e+03
2.103599999999999909e+03
2.104500000000000000e+03
2.104500000000000000e+03
2.104699999999999818e+03
2.104699999999999818e+03
2.104699999999999818e+03
2.160900000000000091e+03
2.169400000000000091e+03
2.170699999999999818e+03
2.171300000000000182e+03
2.171400000000000091e+03
2.171599999999999909e+03
2.171800000000000182e+03
2.172300000000000182e+03
2.172800000000000182e+03
2.172800000000000182e+03
2.173000000000000000e+03
2.173099999999999909e+03
2.173900000000000091e+03
2.228400000000000091e+03
2.237000000000000000e+03
2.238700000000000273e+03
2.239300000000000182e+03
2.239700000000000273e+03
2.240000000000000000e+03
2.240099999999999909e+03
2.240200000000000273e+03
2.240400000000000091e+03
2.240599999999999909e+03
2.241200000000000273e+03
2.241300000000000182e+03
2.241599999999999909e+03
2.296200000000000273e+03
2.303300000000000182e+03
2.306700000000000273e+03
2.307700000000000273e+03
2.307900000000000091e+03
2.308300000000000182e+03
2.308300000000000182e+03
2.308400000000000091e+03
2.308700000000000273e+03
2.308800000000000182e+03
2.309900000000000091e+03
2.309900000000000091e+03
2.310500000000000000e+03
2.364000000000000000e+03
2.370500000000000000e+03
2.375200000000000273e+03
2.375800000000000182e+03
2.375800000000000182e+03
2.376300000000000182e+03
2.376500000000000000e+03
2.377200000000000273e+03
2.377300000000000182e+03
2.377700000000000273e+03
2.378300000000000182e+03
2.378599999999999909e+03
2.378800000000000182e+03
2.430099999999999909e+03
2.438099999999999909e+03
2.443099999999999909e+03
2.443400000000000091e+03
2.444800000000000182e+03
2.444900000000000091e+03
2.445000000000000000e+03
2.445400000000000091e+03
2.445599999999999909e+03
2.446300000000000182e+03
2.446599999999999909e+03
2.446700000000000273e+03
2.447000000000000000e+03
2.495300000000000182e+03
2.506500000000000000e+03
2.511000000000000000e+03
2.511800000000000182e+03
2.513099999999999909e+03
2.513300000000000182e+03
2.513400000000000091e+03
2.513700000000000273e+03
2.514099999999999909e+03
2.514900000000000091e+03
2.514900000000000091e+03
2.515500000000000000e+03
2.515800000000000182e+03
2.558700000000000273e+03
2.575500000000000000e+03
2.579000000000000000e+03
2.579900000000000091e+03
2.581099999999999909e+03
2.581400000000000091e+03
2.581700000000000273e+03
2.582200000000000273e+03
2.582900000000000091e+03
2.583200000000000273e+03
2.583700000000000273e+03
2.584000000000000000e+03
2.584200000000000273e+03
2.611800000000000182e+03
2.643500000000000000e+03
2.647200000000000273e+03
2.648700000000000273e+03
2.649700000000000273e+03
2.650400000000000091e+03
2.650700000000000273e+03
2.651099999999999909e+03
2.651800000000000182e+03
2.651900000000000091e+03
2.652300000000000182e+03
2.652500000000000000e+03
2.653200000000000273e+03
2.662300000000000182e+03
2.712000000000000000e+03
2.715000000000000000e+03
2.717599999999999909e+03
2.718200000000000273e+03
2.719000000000000000e+03
2.719599999999999909e+03
2.720500000000000000e+03
2.720599999999999909e+03
2.720800000000000182e+03
2.720900000000000091e+03
2.721000000000000000e+03
2.721400000000000091e+03
2.726300000000000182e+03
2.779200000000000273e+03
2.783300000000000182e+03
2.786000000000000000e+03
2.786400000000000091e+03
2.787599999999999909e+03
2.788000000000000000e+03
2.788900000000000091e+03
2.789099999999999909e+03
2.789200000000000273e+03
2.789800000000000182e+03
2.790099999999999909e+03
2.790300000000000182e+03
2.793300000000000182e+03
2.848500000000000000e+03
2.853000000000000000e+03
2.854900000000000091e+03
2.855400000000000091e+03
2.856200000000000273e+03
2.857200000000000273e+03
2.858099999999999909e+03
2.858400000000000091e+03
2.858500000000000000e+03
2.858500000000000000e+03
2.859099999999999909e+03
2.859599999999999909e+03
2.861599999999999909e+03
2.917500000000000000e+03
2.922000000000000000e+03
2.923800000000000182e+03
2.924099999999999909e+03
2.925099999999999909e+03
2.925900000000000091e+03
2.927099999999999909e+03
2.927099999999999909e+03
2.927200000000000273e+03
2.927200000000000273e+03
2.928000000000000000e+03
2.928099999999999909e+03
2.929700000000000273e+03
2.985800000000000182e+03
2.989800000000000182e+03
2.992300000000000182e+03
2.992400000000000091e+03
2.993400000000000091e+03
2.994400000000000091e+03
2.995400000000000091e+03
2.995599999999999909e+03
2.995800000000000182e+03
2.996000000000000000e+03
2.997000000000000000e+03
2.997599999999999909e+03
2.998099999999999909e+03
3.054200000000000273e+03
3.058599999999999909e+03
3.061000000000000000e+03
3.061000000000000000e+03
3.061700000000000273e+03
3.062800000000000182e+03
3.063800000000000182e+03
3.064500000000000000e+03
3.064800000000000182e+03
3.065000000000000000e+03
3.065700000000000273e+03
3.066500000000000000e+03
3.066700000000000273e+03
3.122800000000000182e+03
3.126900000000000091e+03
3.129700000000000273e+03
3.130000000000000000e+03
3.130200000000000273e+03
3.130800000000000182e+03
3.132700000000000273e+03
3.133400000000000091e+03
3.133599999999999909e+03
3.133700000000000273e+03
3.134500000000000000e+03
3.134900000000000091e+03
3.135500000000000000e+03
3.191500000000000000e+03
3.194500000000000000e+03
3.196900000000000091e+03
3.198099999999999909e+03
3.198099999999999909e+03
3.199200000000000273e+03
3.200599999999999909e+03
3.201500000000000000e+03
3.201700000000000273e+03
3.202200000000000273e+03
3.203200000000000273e+03
3.203400000000000091e+03
3.203900000000000091e+03
3.260099999999999909e+03
3.262900000000000091e+03
3.265700000000000273e+03
3.266099999999999909e+03
3.266099999999999909e+03
3.267300000000000182e+03
3.268700000000000273e+03
3.269700000000000273e+03
3.270599999999999909e+03
3.270599999999999909e+03
3.271400000000000091e+03
3.271900000000000091e+03
3.272300000000000182e+03
3.329400000000000091e+03
3.329599999999999909e+03
3.333700000000000273e+03
3.334099999999999909e+03
3.334200000000000273e+03
3.336099999999999909e+03
3.337400000000000091e+03
3.337599999999999909e+03
3.339000000000000000e+03
3.339000000000000000e+03
3.339700000000000273e+03
3.340099999999999909e+03
3.340800000000000182e+03
3.395500000000000000e+03
3.398000000000000000e+03
3.400400000000000091e+03
3.401099999999999909e+03
3.402000000000000000e+03
3.404800000000000182e+03
3.406099999999999909e+03
3.406200000000000273e+03
3.406900000000000091e+03
3.406900000000000091e+03
3.407300000000000182e+03
3.408000000000000000e+03
3.408800000000000182e+03
3.462500000000000000e+03
3.467400000000000091e+03
3.468099999999999909e+03
3.469500000000000000e+03
3.470900000000000091e+03
3.473700000000000273e+03
3.475099999999999909e+03
3.475500000000000000e+03
3.475500000000000000e+03
3.475800000000000182e+03
3.476400000000000091e+03
3.476599999999999909e+03
3.477200000000000273e+03
3.529400000000000091e+03
3.534900000000000091e+03
3.537300000000000182e+03
3.538300000000000182e+03
3.541700000000000273e+03
3.542500000000000000e+03
3.543300000000000182e+03
3.544200000000000273e+03
3.544700000000000273e+03
3.545099999999999909e+03
3.545300000000000182e+03
3.545300000000000182e+03
3.546000000000000000e+03
3.596500000000000000e+03
3.602000000000000000e+03
3.606800000000000182e+03
3.606900000000000091e+03
3.610900000000000091e+03
3.611099999999999909e+03
3.611599999999999909e+03
3.612800000000000182e+03
3.613200000000000273e+03
3.613900000000000091e+03
3.614300000000000182e+03
3.614400000000000091e+03
3.614500000000000000e+03
3.662500000000000000e+03
3.669800000000000182e+03
3.675200000000000273e+03
3.676400000000000091e+03
3.679700000000000273e+03
3.680000000000000000e+03
3.680200000000000273e+03
3.681400000000000091e+03
3.681500000000000000e+03
3.682099999999999909e+03
3.682900000000000091e+03
3.683099999999999909e+03
3.683099999999999909e+03
3.725500000000000000e+03
3.735500000000000000e+03
3.741700000000000273e+03
3.745300000000000182e+03
3.747700000000000273e+03
3.748099999999999909e+03
3.748400000000000091e+03
3.749300000000000182e+03
3.749400000000000091e+03
3.750099999999999909e+03
3.750900000000000091e+03
3.751300000000000182e+03
3.751500000000000000e+03
3.780300000000000182e+03
3.799400000000000091e+03
3.810000000000000000e+03
3.813300000000000182e+03
3.815500000000000000e+03
3.816200000000000273e+03
3.816400000000000091e+03
3.817800000000000182e+03
3.817800000000000182e+03
3.817900000000000091e+03
3.818700000000000273e+03
3.819599999999999909e+03
3.819599999999999909e+03
3.828400000000000091e+03
3.862800000000000182e+03
3.879000000000000000e+03
3.882400000000000091e+03
3.883400000000000091e+03
3.884000000000000000e+03
3.885099999999999909e+03
3.885099999999999909e+03
3.886200000000000273e+03
3.886200000000000273e+03
3.886599999999999909e+03
3.888000000000000000e+03
3.888200000000000273e+03
3.891200000000000273e+03
3.920800000000000182e+03
3.947900000000000091e+03
3.950800000000000182e+03
3.951500000000000000e+03
3.951599999999999909e+03
3.952400000000000091e+03
3.953599999999999909e+03
3.954400000000000091e+03
3.954400000000000091e+03
3.954900000000000091e+03
3.956500000000000000e+03
3.956800000000000182e+03
3.958200000000000273e+03
3.967500000000000000e+03
4.015700000000000273e+03
4.018599999999999909e+03
4.019099999999999909e+03
4.019599999999999909e+03
4.020400000000000091e+03
4.022099999999999909e+03
4.022700000000000273e+03
4.022900000000000091e+03
4.023099999999999909e+03
4.024900000000000091e+03
4.025000000000000000e+03
4.025800000000000182e+03
4.029000000000000000e+03
4.083700000000000273e+03
4.086300000000000182e+03
4.086300000000000182e+03
4.086599999999999909e+03
4.087400000000000091e+03
4.090500000000000000e+03
4.090800000000000182e+03
4.090900000000000091e+03
4.091300000000000182e+03
4.093400000000000091e+03
4.093500000000000000e+03
4.093599999999999909e+03
4.095599999999999909e+03
4.153199999999999818e+03
4.153199999999999818e+03
4.153600000000000364e+03
4.154199999999999818e+03
4.155600000000000364e+03
4.158399999999999636e+03
4.158800000000000182e+03
4.159000000000000000e+03
4.159399999999999636e+03
4.161000000000000000e+03
4.161500000000000000e+03
4.161699999999999818e+03
4.162899999999999636e+03
4.220399999999999636e+03
4.220899999999999636e+03
4.221899999999999636e+03
4.222600000000000364e+03
4.226100000000000364e+03
4.226300000000000182e+03
4.226399999999999636e+03
4.227100000000000364e+03
4.228199999999999818e+03
4.228699999999999818e+03
4.229600000000000364e+03
4.230100000000000364e+03
4.230399999999999636e+03
4.287100000000000364e+03
4.287300000000000182e+03
4.289300000000000182e+03
4.292600000000000364e+03
4.294300000000000182e+03
4.294500000000000000e+03
4.294500000000000000e+03
4.295100000000000364e+03
4.296399999999999636e+03
4.296699999999999818e+03
4.297800000000000182e+03
4.297899999999999636e+03
4.298500000000000000e+03
4.352399999999999636e+03
4.353500000000000000e+03
4.357300000000000182e+03
4.361899999999999636e+03
4.362399999999999636e+03
4.362800000000000182e+03
4.363199999999999818e+03
4.363600000000000364e+03
4.364300000000000182e+03
4.364699999999999818e+03
4.365699999999999818e+03
4.365899999999999636e+03
4.366600000000000364e+03
4.420600000000000364e+03
4.421199999999999818e+03
4.425300000000000182e+03
4.429600000000000364e+03
4.430400000000000546e+03
4.432000000000000000e+03
4.432100000000000364e+03
4.432300000000000182e+03
4.433000000000000000e+03
4.433100000000000364e+03
4.434000000000000000e+03
4.434000000000000000e+03
4.435000000000000000e+03
4.489000000000000000e+03
4.490400000000000546e+03
4.494400000000000546e+03
4.497000000000000000e+03
4.498600000000000364e+03
4.500600000000000364e+03
4.501000000000000000e+03
4.501199999999999818e+03
4.501600000000000364e+03
4.501900000000000546e+03
4.502199999999999818e+03
4.502600000000000364e+03
4.503500000000000000e+03
4.557699999999999818e+03
4.559100000000000364e+03
4.564100000000000364e+03
4.564300000000000182e+03
4.566900000000000546e+03
4.569600000000000364e+03
4.569800000000000182e+03
4.569900000000000546e+03
4.570199999999999818e+03
4.570500000000000000e+03
4.570699999999999818e+03
4.571400000000000546e+03
4.571800000000000182e+03
4.626400000000000546e+03
4.627600000000000364e+03
4.632100000000000364e+03
4.633500000000000000e+03
4.635600000000000364e+03
4.638100000000000364e+03
4.638199999999999818e+03
4.638600000000000364e+03
4.639000000000000000e+03
4.639199999999999818e+03
4.639800000000000182e+03
4.640100000000000364e+03
4.640400000000000546e+03
4.694800000000000182e+03
4.696500000000000000e+03
4.699600000000000364e+03
4.702699999999999818e+03
4.704900000000000546e+03
4.706500000000000000e+03
4.706800000000000182e+03
4.707000000000000000e+03
4.707400000000000546e+03
4.707800000000000182e+03
4.708400000000000546e+03
4.708699999999999818e+03
4.709000000000000000e+03
4.762900000000000546e+03
4.764400000000000546e+03
4.768800000000000182e+03
4.772000000000000000e+03
4.774500000000000000e+03
4.775300000000000182e+03
4.775699999999999818e+03
4.776300000000000182e+03
4.776300000000000182e+03
4.776600000000000364e+03
4.777199999999999818e+03
4.777600000000000364e+03
4.777699999999999818e+03
4.831000000000000000e+03
4.833400000000000546e+03
4.837699999999999818e+03
4.841199999999999818e+03
4.844000000000000000e+03
4.844100000000000364e+03
4.844600000000000364e+03
4.845199999999999818e+03
4.845400000000000546e+03
4.845699999999999818e+03
4.845900000000000546e+03
4.846500000000000000e+03
4.846500000000000000e+03
4.898500000000000000e+03
4.902199999999999818e+03
4.905600000000000364e+03
4.909699999999999818e+03
4.912699999999999818e+03
4.913800000000000182e+03
4.914000000000000000e+03
4.914199999999999818e+03
4.914500000000000000e+03
4.914800000000000182e+03
4.915000000000000000e+03
4.915000000000000000e+03
4.915400000000000546e+03
4.967100000000000364e+03
4.969699999999999818e+03
4.974300000000000182e+03
4.979000000000000000e+03
4.981100000000000364e+03
4.982699999999999818e+03
4.982800000000000182e+03
4.983100000000000364e+03
4.983300000000000182e+03
4.983400000000000546e+03
4.983500000000000000e+03
4.983699999999999818e+03
4.984300000000000182e+03
9.500000000000000000e+00
1.209999999999999964e+01
1.300000000000000000e+01
1.639999999999999858e+01
1.780000000000000071e+01
1.890000000000000213e+01
1.919999999999999929e+01
1.990000000000000213e+01
2.019999999999999929e+01
2.040000000000000213e+01
2.119999999999999929e+01
2.119999999999999929e+01
4.389999999999999858e+01
4.750000000000000000e+01
5.000000000000000000e+01
5.389999999999999858e+01
5.589999999999999858e+01
5.610000000000000142e+01
5.650000000000000000e+01
5.660000000000000142e+01
5.680000000000000426e+01
5.750000000000000000e+01
5.889999999999999858e+01
5.889999999999999858e+01
9.720000000000000284e+01
1.034000000000000057e+02
1.075000000000000000e+02
1.095000000000000000e+02
1.110000000000000000e+02
1.114000000000000057e+02
1.117999999999999972e+02
1.122000000000000028e+02
1.125000000000000000e+02
1.127000000000000028e+02
1.145000000000000000e+02
1.147999999999999972e+02
1.643000000000000114e+02
1.717000000000000171e+02
1.757000000000000171e+02
1.760000000000000000e+02
1.768000000000000114e+02
1.773000000000000114e+02
1.780999999999999943e+02
1.790999999999999943e+02
1.793000000000000114e+02
1.797000000000000171e+02
1.805999999999999943e+02
1.810999999999999943e+02
2.319000000000000057e+02
2.412000000000000171e+02
2.440000000000000000e+02
2.448000000000000114e+02
2.453000000000000114e+02
2.455999999999999943e+02
2.463000000000000114e+02
2.482000000000000171e+02
2.483000000000000114e+02
2.484000000000000057e+02
2.485999999999999943e+02
2.495000000000000000e+02
2.988000000000000114e+02
3.110000000000000000e+02
3.126000000000000227e+02
3.126000000000000227e+02
3.141999999999999886e+02
3.150000000000000000e+02
3.156999999999999886e+02
3.171000000000000227e+02
3.171999999999999886e+02
3.173000000000000114e+02
3.173000000000000114e+02
3.181000000000000227e+02
3.641999999999999886e+02
3.799000000000000341e+02
3.806999999999999886e+02
3.811000000000000227e+02
3.821999999999999886e+02
3.838000000000000114e+02
3.846999999999999886e+02
3.854000000000000341e+02
3.855000000000000000e+02
3.859000000000000341e+02
3.861999999999999886e+02
3.864000000000000341e+02
4.261999999999999886e+02
4.485000000000000000e+02
4.491999999999999886e+02
4.503000000000000114e+02
4.521999999999999886e+02
4.530000000000000000e+02
4.535000000000000000e+02
4.538000000000000114e+02
4.540000000000000000e+02
4.544000000000000341e+02
4.551999999999999886e+02
4.553000000000000114e+02
4.786999999999999886e+02
5.170000000000000000e+02
5.177000000000000455e+02
5.197999999999999545e+02
5.212999999999999545e+02
5.218999999999999773e+02
5.222000000000000455e+02
5.222000000000000455e+02
5.226000000000000227e+02
5.230000000000000000e+02
5.237999999999999545e+02
5.246000000000000227e+02
5.310000000000000000e+02
5.857000000000000455e+02
5.868999999999999773e+02
5.895000000000000000e+02
5.896000000000000227e+02
5.908000000000000682e+02
5.913000000000000682e+02
5.913999999999999773e+02
5.915000000000000000e+02
5.917000000000000455e+02
5.925000000000000000e+02
5.935000000000000000e+02
5.952000000000000455e+02
6.548000000000000682e+02
6.548999999999999773e+02
6.585000000000000000e+02
6.591000000000000227e+02
6.591000000000000227e+02
6.601000000000000227e+02
6.605000000000000000e+02
6.605000000000000000e+02
6.611000000000000227e+02
6.612000000000000455e+02
6.626000000000000227e+02
6.627000000000000455e+02
7.237000000000000455e+02
7.237000000000000455e+02
7.277000000000000455e+02
7.278000000000000682e+02
7.278000000000000682e+02
7.285000000000000000e+02
7.297000000000000455e+02
7.297000000000000455e+02
7.297000000000000455e+02
7.298999999999999773e+02
7.303999999999999773e+02
7.313999999999999773e+02
7.923999999999999773e+02
7.925000000000000000e+02
7.963999999999999773e+02
7.965000000000000000e+02
7.967000000000000455e+02
7.971000000000000227e+02
7.981000000000000227e+02
7.983000000000000682e+02
7.987000000000000455e+02
7.988000000000000682e+02
7.990000000000000000e+02
7.998000000000000682e+02
8.618000000000000682e+02
8.618000000000000682e+02
8.648999999999999773e+02
8.656000000000000227e+02
8.661000000000000227e+02
8.663000000000000682e+02
8.666000000000000227e+02
8.672000000000000455e+02
8.673999999999999773e+02
8.675000000000000000e+02
8.680000000000000000e+02
8.683999999999999773e+02
9.312000000000000455e+02
9.322000000000000455e+02
9.338999999999999773e+02
9.340000000000000000e+02
9.345000000000000000e+02
9.347000000000000455e+02
9.352000000000000455e+02
9.361000000000000227e+02
9.361000000000000227e+02
9.363999999999999773e+02
9.367000000000000455e+02
9.371000000000000227e+02
1.000300000000000068e+03
1.001800000000000068e+03
1.002200000000000045e+03
1.002899999999999977e+03
1.003500000000000000e+03
1.003600000000000023e+03
1.004100000000000023e+03
1.004600000000000023e+03
1.005000000000000000e+03
1.005200000000000045e+03
1.005500000000000000e+03
1.005500000000000000e+03
1.068200000000000045e+03
1.070799999999999955e+03
1.071000000000000000e+03
1.071700000000000045e+03
1.072200000000000045e+03
1.072299999999999955e+03
1.072900000000000091e+03
1.073299999999999955e+03
1.073799999999999955e+03
1.074099999999999909e+03
1.074400000000000091e+03
1.074599999999999909e+03
1.136799999999999955e+03
1.138700000000000045e+03
1.139700000000000045e+03
1.140700000000000045e+03
1.140799999999999955e+03
1.140799999999999955e+03
1.141799999999999955e+03
1.142400000000000091e+03
1.142500000000000000e+03
1.142900000000000091e+03
1.143000000000000000e+03
1.143700000000000045e+03
1.205500000000000000e+03
1.207100000000000136e+03
1.208299999999999955e+03
1.209299999999999955e+03
1.209500000000000000e+03
1.209700000000000045e+03
1.210900000000000091e+03
1.211200000000000045e+03
1.211400000000000091e+03
1.211500000000000000e+03
1.211900000000000091e+03
1.212400000000000091e+03
1.273500000000000000e+03
1.275000000000000000e+03
1.277000000000000000e+03
1.277500000000000000e+03
1.278200000000000045e+03
1.279200000000000045e+03
1.279400000000000091e+03
1.279799999999999955e+03
1.279900000000000091e+03
1.280000000000000000e+03
1.280900000000000091e+03
1.281500000000000000e+03
1.343100000000000136e+03
1.343500000000000000e+03
1.346100000000000136e+03
1.346700000000000045e+03
1.347299999999999955e+03
1.347400000000000091e+03
1.348299999999999955e+03
1.348400000000000091e+03
1.348500000000000000e+03
1.348700000000000045e+03
1.349799999999999955e+03
1.350500000000000000e+03
1.411400000000000091e+03
1.412000000000000000e+03
1.414799999999999955e+03
1.415299999999999955e+03
1.416299999999999955e+03
1.416299999999999955e+03
1.416799999999999955e+03
1.416900000000000091e+03
1.417200000000000045e+03
1.417400000000000091e+03
1.418600000000000136e+03
1.419400000000000091e+03
1.479799999999999955e+03
1.480000000000000000e+03
1.482700000000000045e+03
1.484000000000000000e+03
1.484500000000000000e+03
1.484799999999999955e+03
1.485000000000000000e+03
1.485000000000000000e+03
1.485400000000000091e+03
1.486200000000000045e+03
1.487100000000000136e+03
1.487799999999999955e+03
1.547900000000000091e+03
1.549000000000000000e+03
1.551200000000000045e+03
1.553000000000000000e+03
1.553100000000000136e+03
1.553100000000000136e+03
1.553400000000000091e+03
1.553900000000000091e+03
1.554000000000000000e+03
1.555200000000000045e+03
1.555500000000000000e+03
1.556400000000000091e+03
1.615500000000000000e+03
1.616100000000000136e+03
1.619500000000000000e+03
1.621700000000000045e+03
1.621900000000000091e+03
1.622000000000000000e+03
1.622200000000000045e+03
1.622400000000000091e+03
1.622600000000000136e+03
1.624200000000000045e+03
1.624200000000000045e+03
1.625100000000000136e+03
1.683500000000000000e+03
1.684299999999999955e+03
1.687700000000000045e+03
1.690299999999999955e+03
1.690400000000000091e+03
1.690400000000000091e+03
1.690799999999999955e+03
1.690900000000000091e+03
1.691000000000000000e+03
1.692799999999999955e+03
1.693100000000000136e+03
1.693600000000000136e+03
1.751000000000000000e+03
1.753100000000000136e+03
1.755700000000000045e+03
1.758900000000000091e+03
1.758900000000000091e+03
1.759299999999999955e+03
1.759299999999999955e+03
1.759400000000000091e+03
1.759500000000000000e+03
1.761299999999999955e+03
1.762000000000000000e+03
1.762100000000000136e+03
1.821000000000000000e+03
1.823900000000000091e+03
1.824299999999999955e+03
1.827700000000000045e+03
1.827799999999999955e+03
1.828000000000000000e+03
1.828100000000000136e+03
1.829000000000000000e+03
1.829400000000000091e+03
1.830400000000000091e+03
1.830500000000000000e+03
1.830900000000000091e+03
1.890000000000000000e+03
1.893299999999999955e+03
1.893799999999999955e+03
1.896200000000000045e+03
1.896299999999999955e+03
1.896700000000000045e+03
1.897000000000000000e+03
1.897700000000000045e+03
1.898400000000000091e+03
1.899299999999999955e+03
1.899600000000000136e+03
1.899799999999999955e+03
1.959400000000000091e+03
1.961900000000000091e+03
1.963400000000000091e+03
1.964600000000000136e+03
1.965299999999999955e+03
1.965400000000000091e+03
1.965900000000000091e+03
1.966400000000000091e+03
1.967600000000000136e+03
1.967900000000000091e+03
1.968200000000000045e+03
1.968600000000000136e+03
2.028400000000000091e+03
2.029100000000000136e+03
2.032400000000000091e+03
2.033000000000000000e+03
2.034100000000000136e+03
2.034200000000000045e+03
2.034600000000000136e+03
2.034600000000000136e+03
2.036200000000000045e+03
2.036299999999999955e+03
2.036900000000000091e+03
2.037000000000000000e+03
2.098000000000000000e+03
2.098900000000000091e+03
2.101400000000000091e+03
2.101800000000000182e+03
2.102000000000000000e+03
2.103000000000000000e+03
2.103599999999999909e+03
2.103900000000000091e+03
2.104699999999999818e+03
2.105199999999999818e+03
2.105300000000000182e+03
2.105699999999999818e+03
2.166099999999999909e+03
2.168199999999999818e+03
2.170000000000000000e+03
2.170099999999999909e+03
2.170800000000000182e+03
2.171900000000000091e+03
2.172099999999999909e+03
2.172800000000000182e+03
2.172800000000000182e+03
2.173599999999999909e+03
2.174000000000000000e+03
2.174199999999999818e+03
2.233900000000000091e+03
2.236200000000000273e+03
2.238000000000000000e+03
2.239000000000000000e+03
2.239200000000000273e+03
2.239500000000000000e+03
2.240599999999999909e+03
2.240700000000000273e+03
2.241400000000000091e+03
2.241599999999999909e+03
2.242300000000000182e+03
2.242300000000000182e+03
2.303300000000000182e+03
2.305099999999999909e+03
2.306599999999999909e+03
2.306599999999999909e+03
2.307700000000000273e+03
2.308599999999999909e+03
2.308800000000000182e+03
2.309200000000000273e+03
2.309400000000000091e+03
2.309700000000000273e+03
2.310700000000000273e+03
2.311000000000000000e+03
2.372200000000000273e+03
2.372900000000000091e+03
2.374000000000000000e+03
2.374500000000000000e+03
2.376700000000000273e+03
2.376900000000000091e+03
2.377300000000000182e+03
2.377300000000000182e+03
2.377700000000000273e+03
2.377700000000000273e+03
2.379500000000000000e+03
2.379800000000000182e+03
2.441000000000000000e+03
2.441099999999999909e+03
2.442000000000000000e+03
2.443000000000000000e+03
2.444599999999999909e+03
2.444900000000000091e+03
2.445500000000000000e+03
2.445700000000000273e+03
2.446099999999999909e+03
2.446099999999999909e+03
2.448200000000000273e+03
2.448400000000000091e+03
2.509800000000000182e+03
2.510099999999999909e+03
2.510200000000000273e+03
2.511800000000000182e+03
2.512900000000000091e+03
2.513400000000000091e+03
2.514400000000000091e+03
2.514500000000000000e+03
2.514800000000000182e+03
2.515400000000000091e+03
2.516800000000000182e+03
2.517000000000000000e+03
2.578200000000000273e+03
2.578599999999999909e+03
2.579300000000000182e+03
2.580000000000000000e+03
2.580900000000000091e+03
2.581800000000000182e+03
2.582900000000000091e+03
2.583000000000000000e+03
2.583099999999999909e+03
2.584200000000000273e+03
2.585200000000000273e+03
2.585599999999999909e+03
2.646800000000000182e+03
2.647000000000000000e+03
2.648300000000000182e+03
2.648800000000000182e+03
2.649400000000000091e+03
2.650099999999999909e+03
2.651200000000000273e+03
2.651700000000000273e+03
2.651900000000000091e+03
2.653000000000000000e+03
2.653500000000000000e+03
2.653900000000000091e+03
2.715099999999999909e+03
2.715400000000000091e+03
2.717099999999999909e+03
2.717300000000000182e+03
2.718099999999999909e+03
2.718500000000000000e+03
2.719700000000000273e+03
2.720200000000000273e+03
2.720400000000000091e+03
2.721400000000000091e+03
2.722200000000000273e+03
2.722500000000000000e+03
2.783800000000000182e+03
2.783900000000000091e+03
2.785500000000000000e+03
2.786500000000000000e+03
2.787200000000000273e+03
2.787400000000000091e+03
2.788300000000000182e+03
2.788900000000000091e+03
2.788900000000000091e+03
2.790099999999999909e+03
2.790900000000000091e+03
2.791500000000000000e+03
2.852000000000000000e+03
2.852900000000000091e+03
2.854400000000000091e+03
2.855500000000000000e+03
2.855800000000000182e+03
2.857000000000000000e+03
2.857599999999999909e+03
2.858099999999999909e+03
2.858400000000000091e+03
2.859000000000000000e+03
2.860099999999999909e+03
2.860200000000000273e+03
2.920200000000000273e+03
2.921099999999999909e+03
2.923500000000000000e+03
2.924700000000000273e+03
2.924800000000000182e+03
2.926099999999999909e+03
2.926300000000000182e+03
2.927000000000000000e+03
2.927700000000000273e+03
2.927800000000000182e+03
2.928599999999999909e+03
2.929200000000000273e+03
2.988099999999999909e+03
2.989900000000000091e+03
2.991800000000000182e+03
2.993599999999999909e+03
2.994400000000000091e+03
2.994800000000000182e+03
2.994800000000000182e+03
2.996200000000000273e+03
2.996400000000000091e+03
2.996599999999999909e+03
2.997599999999999909e+03
2.998300000000000182e+03
3.055800000000000182e+03
3.058400000000000091e+03
3.060300000000000182e+03
3.062400000000000091e+03
3.063200000000000273e+03
3.063599999999999909e+03
3.063800000000000182e+03
3.064599999999999909e+03
3.065300000000000182e+03
3.065599999999999909e+03
3.066000000000000000e+03
3.067000000000000000e+03
3.124099999999999909e+03
3.127800000000000182e+03
3.128500000000000000e+03
3.131300000000000182e+03
3.131599999999999909e+03
3.132000000000000000e+03
3.132400000000000091e+03
3.133400000000000091e+03
3.134099999999999909e+03
3.134300000000000182e+03
3.134800000000000182e+03
3.136099999999999909e+03
3.192000000000000000e+03
3.195900000000000091e+03
3.196200000000000273e+03
3.199200000000000273e+03
3.200500000000000000e+03
3.200900000000000091e+03
3.201200000000000273e+03
3.201400000000000091e+03
3.202599999999999909e+03
3.202800000000000182e+03
3.203200000000000273e+03
3.204800000000000182e+03
3.259700000000000273e+03
3.263700000000000273e+03
3.264200000000000273e+03
3.266900000000000091e+03
3.268700000000000273e+03
3.268900000000000091e+03
3.269400000000000091e+03
3.269900000000000091e+03
3.271200000000000273e+03
3.271500000000000000e+03
3.271599999999999909e+03
3.273300000000000182e+03
3.326200000000000273e+03
3.331500000000000000e+03
3.332900000000000091e+03
3.334500000000000000e+03
3.337200000000000273e+03
3.337500000000000000e+03
3.337800000000000182e+03
3.338300000000000182e+03
3.339200000000000273e+03
3.339400000000000091e+03
3.339800000000000182e+03
3.341700000000000273e+03
3.391400000000000091e+03
3.398400000000000091e+03
3.400500000000000000e+03
3.403200000000000273e+03
3.405000000000000000e+03
3.405700000000000273e+03
3.405700000000000273e+03
3.405900000000000091e+03
3.407400000000000091e+03
3.407599999999999909e+03
3.407800000000000182e+03
3.410099999999999909e+03
3.454800000000000182e+03
3.467400000000000091e+03
3.469800000000000182e+03
3.473099999999999909e+03
3.473300000000000182e+03
3.473800000000000182e+03
3.473800000000000182e+03
3.473900000000000091e+03
3.475599999999999909e+03
3.475700000000000273e+03
3.475900000000000091e+03
3.478300000000000182e+03
3.517400000000000091e+03
3.536599999999999909e+03
3.539599999999999909e+03
3.541500000000000000e+03
3.541800000000000182e+03
3.542300000000000182e+03
3.543200000000000273e+03
3.543400000000000091e+03
3.544099999999999909e+03
3.544099999999999909e+03
3.544200000000000273e+03
3.546300000000000182e+03
3.572000000000000000e+03
3.604400000000000091e+03
3.608300000000000182e+03
3.610000000000000000e+03
3.610700000000000273e+03
3.611500000000000000e+03
3.612099999999999909e+03
3.612200000000000273e+03
3.612300000000000182e+03
3.612500000000000000e+03
3.612800000000000182e+03
3.614599999999999909e+03
3.622700000000000273e+03
3.672400000000000091e+03
3.677500000000000000e+03
3.677500000000000000e+03
3.679400000000000091e+03
3.679700000000000273e+03
3.680000000000000000e+03
3.680700000000000273e+03
3.681000000000000000e+03
3.681099999999999909e+03
3.681800000000000182e+03
3.683000000000000000e+03
3.685700000000000273e+03
3.740599999999999909e+03
3.745000000000000000e+03
3.746599999999999909e+03
3.747200000000000273e+03
3.747900000000000091e+03
3.748000000000000000e+03
3.749300000000000182e+03
3.749300000000000182e+03
3.749700000000000273e+03
3.750300000000000182e+03
3.751000000000000000e+03
3.751500000000000000e+03
3.807900000000000091e+03
3.812599999999999909e+03
3.815099999999999909e+03
3.815400000000000091e+03
3.815400000000000091e+03
3.815400000000000091e+03
3.817300000000000182e+03
3.817500000000000000e+03
3.817599999999999909e+03
3.817900000000000091e+03
3.818599999999999909e+03
3.819099999999999909e+03
3.876099999999999909e+03
3.882599999999999909e+03
3.883400000000000091e+03
3.883500000000000000e+03
3.883500000000000000e+03
3.884200000000000273e+03
3.884700000000000273e+03
3.885900000000000091e+03
3.886200000000000273e+03
3.886300000000000182e+03
3.886700000000000273e+03
3.887400000000000091e+03
3.944400000000000091e+03
3.951700000000000273e+03
3.951800000000000182e+03
3.952099999999999909e+03
3.952400000000000091e+03
3.952400000000000091e+03
3.952500000000000000e+03
3.954300000000000182e+03
3.954400000000000091e+03
3.955200000000000273e+03
3.955400000000000091e+03
3.955700000000000273e+03
4.012500000000000000e+03
4.018500000000000000e+03
4.019200000000000273e+03
4.020900000000000091e+03
4.021099999999999909e+03
4.021400000000000091e+03
4.022099999999999909e+03
4.022700000000000273e+03
4.022800000000000182e+03
4.023700000000000273e+03
4.024000000000000000e+03
4.024099999999999909e+03
4.080099999999999909e+03
4.085800000000000182e+03
4.087099999999999909e+03
4.089099999999999909e+03
4.089900000000000091e+03
4.090099999999999909e+03
4.090700000000000273e+03
4.090800000000000182e+03
4.090800000000000182e+03
4.091900000000000091e+03
4.092599999999999909e+03
4.092800000000000182e+03
4.147000000000000000e+03
4.151600000000000364e+03
4.156000000000000000e+03
4.157199999999999818e+03
4.157899999999999636e+03
4.159100000000000364e+03
4.159100000000000364e+03
4.159199999999999818e+03
4.159199999999999818e+03
4.159399999999999636e+03
4.160699999999999818e+03
4.160800000000000182e+03
4.215300000000000182e+03
4.217899999999999636e+03
4.224800000000000182e+03
4.225800000000000182e+03
4.226399999999999636e+03
4.226800000000000182e+03
4.227199999999999818e+03
4.227300000000000182e+03
4.227699999999999818e+03
4.228000000000000000e+03
4.228899999999999636e+03
4.229199999999999818e+03
4.284100000000000364e+03
4.284500000000000000e+03
4.294000000000000000e+03
4.294500000000000000e+03
4.294899999999999636e+03
4.295100000000000364e+03
4.295199999999999818e+03
4.295399999999999636e+03
4.296500000000000000e+03
4.296500000000000000e+03
4.297199999999999818e+03
4.297600000000000364e+03
4.348699999999999818e+03
4.352899999999999636e+03
4.362500000000000000e+03
4.362699999999999818e+03
4.362899999999999636e+03
4.363199999999999818e+03
4.363300000000000182e+03
4.364199999999999818e+03
4.364699999999999818e+03
4.364899999999999636e+03
4.365399999999999636e+03
4.365600000000000364e+03
4.413400000000000546e+03
4.422199999999999818e+03
4.429600000000000364e+03
4.430900000000000546e+03
4.431500000000000000e+03
4.431900000000000546e+03
4.432400000000000546e+03
4.432600000000000364e+03
4.433500000000000000e+03
4.433500000000000000e+03
4.433699999999999818e+03
4.434000000000000000e+03
4.474800000000000182e+03
4.491400000000000546e+03
4.497199999999999818e+03
4.499300000000000182e+03
4.499699999999999818e+03
4.500199999999999818e+03
4.501000000000000000e+03
4.501000000000000000e+03
4.501600000000000364e+03
4.501800000000000182e+03
4.502300000000000182e+03
4.502800000000000182e+03
4.524600000000000364e+03
4.560900000000000546e+03
4.565300000000000182e+03
4.568400000000000546e+03
4.568800000000000182e+03
4.568900000000000546e+03
4.569500000000000000e+03
4.569699999999999818e+03
4.570100000000000364e+03
4.570500000000000000e+03
4.571199999999999818e+03
4.571400000000000546e+03
4.579100000000000364e+03
4.629400000000000546e+03
4.632300000000000182e+03
4.636400000000000546e+03
4.637300000000000182e+03
4.637600000000000364e+03
4.637600000000000364e+03
4.638100000000000364e+03
4.639199999999999818e+03
4.639400000000000546e+03
4.639800000000000182e+03
4.640400000000000546e+03
4.644400000000000546e+03
4.698400000000000546e+03
4.699699999999999818e+03
4.704500000000000000e+03
4.705400000000000546e+03
4.705900000000000546e+03
4.706000000000000000e+03
4.706100000000000364e+03
4.707699999999999818e+03
4.707800000000000182e+03
4.708500000000000000e+03
4.709000000000000000e+03
4.711800000000000182e+03
4.767600000000000364e+03
4.768699999999999818e+03
4.772600000000000364e+03
4.773699999999999818e+03
4.774300000000000182e+03
4.774600000000000364e+03
4.775100000000000364e+03
4.776400000000000546e+03
4.776500000000000000e+03
4.776699999999999818e+03
4.777800000000000182e+03
4.780000000000000000e+03
4.836100000000000364e+03
4.838100000000000364e+03
4.841000000000000000e+03
4.842100000000000364e+03
4.843199999999999818e+03
4.843300000000000182e+03
4.844000000000000000e+03
4.845000000000000000e+03
4.845500000000000000e+03
4.845900000000000546e+03
4.846699999999999818e+03
4.848199999999999818e+03
4.904500000000000000e+03
4.907100000000000364e+03
4.908900000000000546e+03
4.910900000000000546e+03
4.911600000000000364e+03
4.912300000000000182e+03
4.912400000000000546e+03
4.913100000000000364e+03
4.914199999999999818e+03
4.915000000000000000e+03
4.915400000000000546e+03
4.916900000000000546e+03
4.973300000000000182e+03
4.975400000000000546e+03
4.977199999999999818e+03
4.979699999999999818e+03
4.979900000000000546e+03
4.981100000000000364e+03
4.981500000000000000e+03
4.982199999999999818e+03
4.983100000000000364e+03
4.983600000000000364e+03
4.984000000000000000e+03
4.985400000000000546e+03
9.200000000000001066e+00
1.380000000000000071e+01
1.639999999999999858e+01
1.790000000000000213e+01
1.900000000000000000e+01
1.940000000000000213e+01
1.980000000000000071e+01
2.010000000000000142e+01
2.069999999999999929e+01
2.100000000000000000e+01
2.230000000000000071e+01
2.280000000000000071e+01
4.380000000000000426e+01
5.150000000000000000e+01
5.450000000000000000e+01
5.450000000000000000e+01
5.650000000000000000e+01
5.680000000000000426e+01
5.689999999999999858e+01
5.720000000000000284e+01
5.739999999999999858e+01
5.770000000000000284e+01
5.950000000000000000e+01
5.960000000000000142e+01
9.829999999999999716e+01
1.092000000000000028e+02
1.097999999999999972e+02
1.116000000000000085e+02
1.121000000000000085e+02
1.122999999999999972e+02
1.129000000000000057e+02
1.129000000000000057e+02
1.131000000000000085e+02
1.137000000000000028e+02
1.147999999999999972e+02
1.147999999999999972e+02
1.655000000000000000e+02
1.763000000000000114e+02
1.778000000000000114e+02
1.780999999999999943e+02
1.790000000000000000e+02
1.793000000000000114e+02
1.795000000000000000e+02
1.795000000000000000e+02
1.795000000000000000e+02
1.800999999999999943e+02
1.810999999999999943e+02
1.812000000000000171e+02
2.340000000000000000e+02
2.450000000000000000e+02
2.470000000000000000e+02
2.470000000000000000e+02
2.479000000000000057e+02
2.479000000000000057e+02
2.480999999999999943e+02
2.485000000000000000e+02
2.485000000000000000e+02
2.487000000000000171e+02
2.494000000000000057e+02
2.494000000000000057e+02
3.013000000000000114e+02
3.130000000000000000e+02
3.161000000000000227e+02
3.163000000000000114e+02
3.164000000000000341e+02
3.166999999999999886e+02
3.168000000000000114e+02
3.170000000000000000e+02
3.171999999999999886e+02
3.174000000000000341e+02
3.176000000000000227e+02
3.176999999999999886e+02
3.689000000000000341e+02
3.806000000000000227e+02
3.838000000000000114e+02
3.845000000000000000e+02
3.850000000000000000e+02
3.851000000000000227e+02
3.854000000000000341e+02
3.856000000000000227e+02
3.856000000000000227e+02
3.859000000000000341e+02
3.860000000000000000e+02
3.861999999999999886e+02
4.346000000000000227e+02
4.485000000000000000e+02
4.511999999999999886e+02
4.531000000000000227e+02
4.534000000000000341e+02
4.536000000000000227e+02
4.541000000000000227e+02
4.541000000000000227e+02
4.543000000000000114e+02
4.545000000000000000e+02
4.546000000000000227e+02
4.546999999999999886e+02
4.995000000000000000e+02
5.162000000000000455e+02
5.197999999999999545e+02
5.208999999999999773e+02
5.217999999999999545e+02
5.222999999999999545e+02
5.223999999999999773e+02
5.227000000000000455e+02
5.228999999999999773e+02
5.228999999999999773e+02
5.231000000000000227e+02
5.232999999999999545e+02
5.595000000000000000e+02
5.848999999999999773e+02
5.878000000000000682e+02
5.897000000000000455e+02
5.907000000000000455e+02
5.907000000000000455e+02
5.907000000000000455e+02
5.915000000000000000e+02
5.917000000000000455e+02
5.918999999999999773e+02
5.920000000000000000e+02
5.921000000000000227e+02
6.065000000000000000e+02
6.550000000000000000e+02
6.565000000000000000e+02
6.587000000000000455e+02
6.595000000000000000e+02
6.596000000000000227e+02
6.596000000000000227e+02
6.601000000000000227e+02
6.607000000000000455e+02
6.608000000000000682e+02
6.608999999999999773e+02
6.613000000000000682e+02
6.653000000000000682e+02
7.246000000000000227e+02
7.252000000000000455e+02
7.276000000000000227e+02
7.281000000000000227e+02
7.282000000000000455e+02
7.283000000000000682e+02
7.291000000000000227e+02
7.295000000000000000e+02
7.296000000000000227e+02
7.298999999999999773e+02
7.302000000000000455e+02
7.325000000000000000e+02
7.930000000000000000e+02
7.943999999999999773e+02
7.960000000000000000e+02
7.965000000000000000e+02
7.968999999999999773e+02
7.973000000000000682e+02
7.977000000000000455e+02
7.978999999999999773e+02
7.985000000000000000e+02
7.988000000000000682e+02
7.991000000000000227e+02
8.006000000000000227e+02
8.623999999999999773e+02
8.628999999999999773e+02
8.648999999999999773e+02
8.651000000000000227e+02
8.652000000000000455e+02
8.658000000000000682e+02
8.661000000000000227e+02
8.668999999999999773e+02
8.671000000000000227e+02
8.672000000000000455e+02
8.678999999999999773e+02
8.690000000000000000e+02
9.318999999999999773e+02
9.323999999999999773e+02
9.337000000000000455e+02
9.340000000000000000e+02
9.341000000000000227e+02
9.348000000000000682e+02
9.348999999999999773e+02
9.357000000000000455e+02
9.362000000000000455e+02
9.362000000000000455e+02
9.366000000000000227e+02
9.368999999999999773e+02
1.001800000000000068e+03
1.002399999999999977e+03
1.002399999999999977e+03
1.002500000000000000e+03
1.002500000000000000e+03
1.003300000000000068e+03
1.003399999999999977e+03
1.003800000000000068e+03
1.005100000000000023e+03
1.005300000000000068e+03
1.005500000000000000e+03
1.005600000000000023e+03
1.070700000000000045e+03
1.070799999999999955e+03
1.071000000000000000e+03
1.071099999999999909e+03
1.071500000000000000e+03
1.071599999999999909e+03
1.072000000000000000e+03
1.072200000000000045e+03
1.073799999999999955e+03
1.073799999999999955e+03
1.074099999999999909e+03
1.074200000000000045e+03
1.139200000000000045e+03
1.139299999999999955e+03
1.139500000000000000e+03
1.139900000000000091e+03
1.140200000000000045e+03
1.140900000000000091e+03
1.141000000000000000e+03
1.141200000000000045e+03
1.142400000000000091e+03
1.142700000000000045e+03
1.142700000000000045e+03
1.142799999999999955e+03
1.208100000000000136e+03
1.208299999999999955e+03
1.208400000000000091e+03
1.208500000000000000e+03
1.209500000000000000e+03
1.209900000000000091e+03
1.210000000000000000e+03
1.210100000000000136e+03
1.211000000000000000e+03
1.211400000000000091e+03
1.211799999999999955e+03
1.212100000000000136e+03
1.276400000000000091e+03
1.276900000000000091e+03
1.277400000000000091e+03
1.277500000000000000e+03
1.277700000000000045e+03
1.278700000000000045e+03
1.279000000000000000e+03
1.279299999999999955e+03
1.279500000000000000e+03
1.280200000000000045e+03
1.280700000000000045e+03
1.281000000000000000e+03
1.344900000000000091e+03
1.345600000000000136e+03
1.345900000000000091e+03
1.346400000000000091e+03
1.346500000000000000e+03
1.347600000000000136e+03
1.347600000000000136e+03
1.348000000000000000e+03
1.348400000000000091e+03
1.348799999999999955e+03
1.349400000000000091e+03
1.349500000000000000e+03
1.412400000000000091e+03
1.413799999999999955e+03
1.414700000000000045e+03
1.414700000000000045e+03
1.415500000000000000e+03
1.416299999999999955e+03
1.416500000000000000e+03
1.416900000000000091e+03
1.417500000000000000e+03
1.417900000000000091e+03
1.418500000000000000e+03
1.418600000000000136e+03
1.481600000000000136e+03
1.482500000000000000e+03
1.482900000000000091e+03
1.483200000000000045e+03
1.483799999999999955e+03
1.484400000000000091e+03
1.484799999999999955e+03
1.485500000000000000e+03
1.486100000000000136e+03
1.486299999999999955e+03
1.487100000000000136e+03
1.487200000000000045e+03
1.550299999999999955e+03
1.551000000000000000e+03
1.551500000000000000e+03
1.551600000000000136e+03
1.552000000000000000e+03
1.552799999999999955e+03
1.553000000000000000e+03
1.554500000000000000e+03
1.554600000000000136e+03
1.555200000000000045e+03
1.555600000000000136e+03
1.555900000000000091e+03
1.618799999999999955e+03
1.619700000000000045e+03
1.619799999999999955e+03
1.620100000000000136e+03
1.620600000000000136e+03
1.621600000000000136e+03
1.621799999999999955e+03
1.622900000000000091e+03
1.623400000000000091e+03
1.624100000000000136e+03
1.624200000000000045e+03
1.624299999999999955e+03
1.687200000000000045e+03
1.687799999999999955e+03
1.688299999999999955e+03
1.688400000000000091e+03
1.688700000000000045e+03
1.689700000000000045e+03
1.690000000000000000e+03
1.691600000000000136e+03
1.692200000000000045e+03
1.692299999999999955e+03
1.692700000000000045e+03
1.693000000000000000e+03
1.755799999999999955e+03
1.756100000000000136e+03
1.756600000000000136e+03
1.757299999999999955e+03
1.757700000000000045e+03
1.758100000000000136e+03
1.758500000000000000e+03
1.760200000000000045e+03
1.760900000000000091e+03
1.761000000000000000e+03
1.761100000000000136e+03
1.761700000000000045e+03
1.824299999999999955e+03
1.825700000000000045e+03
1.825700000000000045e+03
1.826299999999999955e+03
1.826900000000000091e+03
1.827299999999999955e+03
1.827400000000000091e+03
1.828900000000000091e+03
1.829700000000000045e+03
1.829900000000000091e+03
1.829900000000000091e+03
1.830600000000000136e+03
1.892900000000000091e+03
1.894900000000000091e+03
1.895400000000000091e+03
1.895600000000000136e+03
1.896000000000000000e+03
1.896600000000000136e+03
1.897100000000000136e+03
1.897799999999999955e+03
1.898200000000000045e+03
1.898200000000000045e+03
1.898799999999999955e+03
1.899299999999999955e+03
1.961400000000000091e+03
1.963900000000000091e+03
1.964600000000000136e+03
1.964700000000000045e+03
1.964799999999999955e+03
1.965299999999999955e+03
1.966500000000000000e+03
1.966799999999999955e+03
1.966900000000000091e+03
1.967100000000000136e+03
1.968000000000000000e+03
1.968100000000000136e+03
2.030000000000000000e+03
2.032700000000000045e+03
2.033400000000000091e+03
2.033700000000000045e+03
2.033799999999999955e+03
2.034100000000000136e+03
2.035400000000000091e+03
2.035600000000000136e+03
2.035700000000000045e+03
2.036299999999999955e+03
2.036700000000000045e+03
2.036799999999999955e+03
2.099000000000000000e+03
2.101900000000000091e+03
2.102099999999999909e+03
2.102500000000000000e+03
2.102699999999999818e+03
2.103000000000000000e+03
2.103900000000000091e+03
2.104000000000000000e+03
2.104300000000000182e+03
2.105300000000000182e+03
2.105300000000000182e+03
2.105599999999999909e+03
2.167400000000000091e+03
2.170300000000000182e+03
2.170400000000000091e+03
2.171000000000000000e+03
2.171199999999999818e+03
2.171300000000000182e+03
2.172199999999999818e+03
2.172500000000000000e+03
2.172699999999999818e+03
2.173699999999999818e+03
2.173800000000000182e+03
2.174400000000000091e+03
2.235200000000000273e+03
2.239000000000000000e+03
2.239099999999999909e+03
2.239200000000000273e+03
2.239500000000000000e+03
2.239599999999999909e+03
2.240300000000000182e+03
2.240900000000000091e+03
2.241099999999999909e+03
2.242099999999999909e+03
2.242200000000000273e+03
2.242800000000000182e+03
2.305500000000000000e+03
2.306500000000000000e+03
2.307700000000000273e+03
2.307900000000000091e+03
2.307900000000000091e+03
2.308000000000000000e+03
2.308200000000000273e+03
2.309400000000000091e+03
2.309700000000000273e+03
2.310500000000000000e+03
2.310700000000000273e+03
2.311300000000000182e+03
2.373800000000000182e+03
2.374400000000000091e+03
2.375000000000000000e+03
2.376099999999999909e+03
2.376300000000000182e+03
2.376400000000000091e+03
2.376800000000000182e+03
2.377599999999999909e+03
2.378099999999999909e+03
2.379099999999999909e+03
2.379200000000000273e+03
2.379900000000000091e+03
2.441900000000000091e+03
2.441900000000000091e+03
2.443000000000000000e+03
2.443900000000000091e+03
2.444099999999999909e+03
2.444700000000000273e+03
2.445400000000000091e+03
2.445599999999999909e+03
2.446599999999999909e+03
2.447800000000000182e+03
2.447900000000000091e+03
2.448400000000000091e+03
2.509300000000000182e+03
2.511500000000000000e+03
2.511900000000000091e+03
2.512300000000000182e+03
2.512800000000000182e+03
2.513000000000000000e+03
2.514300000000000182e+03
2.514500000000000000e+03
2.514800000000000182e+03
2.516400000000000091e+03
2.516500000000000000e+03
2.516800000000000182e+03
2.576599999999999909e+03
2.580400000000000091e+03
2.580900000000000091e+03
2.581000000000000000e+03
2.581400000000000091e+03
2.581400000000000091e+03
2.582400000000000091e+03
2.583200000000000273e+03
2.583300000000000182e+03
2.584900000000000091e+03
2.585000000000000000e+03
2.585200000000000273e+03
2.643599999999999909e+03
2.649500000000000000e+03
2.649800000000000182e+03
2.649900000000000091e+03
2.650400000000000091e+03
2.651599999999999909e+03
2.651800000000000182e+03
2.651800000000000182e+03
2.652000000000000000e+03
2.653300000000000182e+03
2.653800000000000182e+03
2.653800000000000182e+03
2.712200000000000273e+03
2.718500000000000000e+03
2.718700000000000273e+03
2.719000000000000000e+03
2.719800000000000182e+03
2.720400000000000091e+03
2.720900000000000091e+03
2.721099999999999909e+03
2.721400000000000091e+03
2.722099999999999909e+03
2.722400000000000091e+03
2.722599999999999909e+03
2.779900000000000091e+03
2.787200000000000273e+03
2.787400000000000091e+03
2.787700000000000273e+03
2.789000000000000000e+03
2.789099999999999909e+03
2.789700000000000273e+03
2.790400000000000091e+03
2.790800000000000182e+03
2.790800000000000182e+03
2.790800000000000182e+03
2.790900000000000091e+03
2.849500000000000000e+03
2.856200000000000273e+03
2.856300000000000182e+03
2.856500000000000000e+03
2.857700000000000273e+03
2.858099999999999909e+03
2.858500000000000000e+03
2.859500000000000000e+03
2.859800000000000182e+03
2.859900000000000091e+03
2.860000000000000000e+03
2.860000000000000000e+03
2.919099999999999909e+03
2.925200000000000273e+03
2.925200000000000273e+03
2.925200000000000273e+03
2.926700000000000273e+03
2.927500000000000000e+03
2.927500000000000000e+03
2.928400000000000091e+03
2.928700000000000273e+03
2.928800000000000182e+03
2.928800000000000182e+03
2.929400000000000091e+03
2.989099999999999909e+03
2.994000000000000000e+03
2.994099999999999909e+03
2.994300000000000182e+03
2.994900000000000091e+03
2.996500000000000000e+03
2.996599999999999909e+03
2.997300000000000182e+03
2.997500000000000000e+03
2.997700000000000273e+03
2.997700000000000273e+03
2.997800000000000182e+03
3.058000000000000000e+03
3.062800000000000182e+03
3.063000000000000000e+03
3.063099999999999909e+03
3.063500000000000000e+03
3.065200000000000273e+03
3.065500000000000000e+03
3.066000000000000000e+03
3.066099999999999909e+03
3.066400000000000091e+03
3.066599999999999909e+03
3.066700000000000273e+03
3.127000000000000000e+03
3.131099999999999909e+03
3.131400000000000091e+03
3.131700000000000273e+03
3.132300000000000182e+03
3.133800000000000182e+03
3.134400000000000091e+03
3.134700000000000273e+03
3.134800000000000182e+03
3.135000000000000000e+03
3.135400000000000091e+03
3.135599999999999909e+03
3.195099999999999909e+03
3.199599999999999909e+03
3.199900000000000091e+03
3.200099999999999909e+03
3.200400000000000091e+03
3.202700000000000273e+03
3.202900000000000091e+03
3.203300000000000182e+03
3.203400000000000091e+03
3.203400000000000091e+03
3.204000000000000000e+03
3.204200000000000273e+03
3.263900000000000091e+03
3.268300000000000182e+03
3.268400000000000091e+03
3.268599999999999909e+03
3.268700000000000273e+03
3.271400000000000091e+03
3.271500000000000000e+03
3.271700000000000273e+03
3.271800000000000182e+03
3.271900000000000091e+03
3.272400000000000091e+03
3.272700000000000273e+03
3.331700000000000273e+03
3.336000000000000000e+03
3.336400000000000091e+03
3.337000000000000000e+03
3.337300000000000182e+03
3.339400000000000091e+03
3.340099999999999909e+03
3.340099999999999909e+03
3.340200000000000273e+03
3.340200000000000273e+03
3.340800000000000182e+03
3.341200000000000273e+03
3.398599999999999909e+03
3.403599999999999909e+03
3.404400000000000091e+03
3.405000000000000000e+03
3.405900000000000091e+03
3.407800000000000182e+03
3.407900000000000091e+03
3.408200000000000273e+03
3.408200000000000273e+03
3.408400000000000091e+03
3.408700000000000273e+03
3.409099999999999909e+03
3.464099999999999909e+03
3.472300000000000182e+03
3.472400000000000091e+03
3.473599999999999909e+03
3.474700000000000273e+03
3.476000000000000000e+03
3.476099999999999909e+03
3.476200000000000273e+03
3.476300000000000182e+03
3.476300000000000182e+03
3.477000000000000000e+03
3.477300000000000182e+03
3.528900000000000091e+03
3.540599999999999909e+03
3.541200000000000273e+03
3.542400000000000091e+03
3.543300000000000182e+03
3.544200000000000273e+03
3.544700000000000273e+03
3.544800000000000182e+03
3.544800000000000182e+03
3.544900000000000091e+03
3.545500000000000000e+03
3.545500000000000000e+03
3.595700000000000273e+03
3.607900000000000091e+03
3.610000000000000000e+03
3.611599999999999909e+03
3.612000000000000000e+03
3.612500000000000000e+03
3.613200000000000273e+03
3.613200000000000273e+03
3.613400000000000091e+03
3.613599999999999909e+03
3.613800000000000182e+03
3.614099999999999909e+03
3.661900000000000091e+03
3.675400000000000091e+03
3.678700000000000273e+03
3.680200000000000273e+03
3.680200000000000273e+03
3.680300000000000182e+03
3.681000000000000000e+03
3.681200000000000273e+03
3.681599999999999909e+03
3.681800000000000182e+03
3.681900000000000091e+03
3.682800000000000182e+03
3.726000000000000000e+03
3.743099999999999909e+03
3.747000000000000000e+03
3.748200000000000273e+03
3.748500000000000000e+03
3.749099999999999909e+03
3.749500000000000000e+03
3.749700000000000273e+03
3.749800000000000182e+03
3.750099999999999909e+03
3.750400000000000091e+03
3.750700000000000273e+03
3.785200000000000273e+03
3.810200000000000273e+03
3.814700000000000273e+03
3.816000000000000000e+03
3.816700000000000273e+03
3.816900000000000091e+03
3.817099999999999909e+03
3.817300000000000182e+03
3.817800000000000182e+03
3.818500000000000000e+03
3.818700000000000273e+03
3.818800000000000182e+03
3.834800000000000182e+03
3.879200000000000273e+03
3.883300000000000182e+03
3.884000000000000000e+03
3.885099999999999909e+03
3.885400000000000091e+03
3.885700000000000273e+03
3.885700000000000273e+03
3.886500000000000000e+03
3.886700000000000273e+03
3.886900000000000091e+03
3.887400000000000091e+03
3.893200000000000273e+03
3.946700000000000273e+03
3.952700000000000273e+03
3.952800000000000182e+03
3.953599999999999909e+03
3.954000000000000000e+03
3.954000000000000000e+03
3.954200000000000273e+03
3.954900000000000091e+03
3.955300000000000182e+03
3.955400000000000091e+03
3.955599999999999909e+03
3.958400000000000091e+03
4.013599999999999909e+03
4.021800000000000182e+03
4.021900000000000091e+03
4.022000000000000000e+03
4.022099999999999909e+03
4.022200000000000273e+03
4.022500000000000000e+03
4.023200000000000273e+03
4.023900000000000091e+03
4.024000000000000000e+03
4.024800000000000182e+03
4.025400000000000091e+03
4.080900000000000091e+03
4.089700000000000273e+03
4.089900000000000091e+03
4.089900000000000091e+03
4.090099999999999909e+03
4.090400000000000091e+03
4.091200000000000273e+03
4.091300000000000182e+03
4.091900000000000091e+03
4.092400000000000091e+03
4.092700000000000273e+03
4.093200000000000273e+03
4.149699999999999818e+03
4.157500000000000000e+03
4.157800000000000182e+03
4.158000000000000000e+03
4.158199999999999818e+03
4.158399999999999636e+03
4.159699999999999818e+03
4.160000000000000000e+03
4.160199999999999818e+03
4.160300000000000182e+03
4.160399999999999636e+03
4.161500000000000000e+03
4.218600000000000364e+03
4.225699999999999818e+03
4.225699999999999818e+03
4.225800000000000182e+03
4.226699999999999818e+03
4.226899999999999636e+03
4.227899999999999636e+03
4.228199999999999818e+03
4.228399999999999636e+03
4.228600000000000364e+03
4.228800000000000182e+03
4.229800000000000182e+03
4.288100000000000364e+03
4.293300000000000182e+03
4.293600000000000364e+03
4.294300000000000182e+03
4.294899999999999636e+03
4.295000000000000000e+03
4.296100000000000364e+03
4.296300000000000182e+03
4.296699999999999818e+03
4.296800000000000182e+03
4.297000000000000000e+03
4.298000000000000000e+03
4.358100000000000364e+03
4.360500000000000000e+03
4.361800000000000182e+03
4.362699999999999818e+03
4.363399999999999636e+03
4.363600000000000364e+03
4.363699999999999818e+03
4.363699999999999818e+03
4.364500000000000000e+03
4.365100000000000364e+03
4.365199999999999818e+03
4.365899999999999636e+03
4.427699999999999818e+03
4.428800000000000182e+03
4.431199999999999818e+03
4.431400000000000546e+03
4.431600000000000364e+03
4.431900000000000546e+03
4.431900000000000546e+03
4.432100000000000364e+03
4.432900000000000546e+03
4.433300000000000182e+03
4.433600000000000364e+03
4.434300000000000182e+03
4.497600000000000364e+03
4.497699999999999818e+03
4.499300000000000182e+03
4.499500000000000000e+03
4.500000000000000000e+03
4.500699999999999818e+03
4.501000000000000000e+03
4.501199999999999818e+03
4.501400000000000546e+03
4.501400000000000546e+03
4.501800000000000182e+03
4.502199999999999818e+03
4.565900000000000546e+03
4.567199999999999818e+03
4.567400000000000546e+03
4.567400000000000546e+03
4.568800000000000182e+03
4.569500000000000000e+03
4.569500000000000000e+03
4.570000000000000000e+03
4.570000000000000000e+03
4.570100000000000364e+03
4.570699999999999818e+03
4.571100000000000364e+03
4.634800000000000182e+03
4.635400000000000546e+03
4.635900000000000546e+03
4.637000000000000000e+03
4.637100000000000364e+03
4.638100000000000364e+03
4.638300000000000182e+03
4.638400000000000546e+03
4.638699999999999818e+03
4.638800000000000182e+03
4.639000000000000000e+03
4.640100000000000364e+03
4.703000000000000000e+03
4.703400000000000546e+03
4.703500000000000000e+03
4.705699999999999818e+03
4.706000000000000000e+03
4.706600000000000364e+03
4.706699999999999818e+03
4.706800000000000182e+03
4.707000000000000000e+03
4.707100000000000364e+03
4.708000000000000000e+03
4.708900000000000546e+03
4.772199999999999818e+03
4.772400000000000546e+03
4.773100000000000364e+03
4.774800000000000182e+03
4.775000000000000000e+03
4.775300000000000182e+03
4.775500000000000000e+03
4.775500000000000000e+03
4.775600000000000364e+03
4.776400000000000546e+03
4.776600000000000364e+03
4.777300000000000182e+03
4.840600000000000364e+03
4.842400000000000546e+03
4.842600000000000364e+03
4.843400000000000546e+03
4.843800000000000182e+03
4.844100000000000364e+03
4.844400000000000546e+03
4.844699999999999818e+03
4.845100000000000364e+03
4.845500000000000000e+03
4.845600000000000364e+03
4.846000000000000000e+03
4.909100000000000364e+03
4.912000000000000000e+03
4.912400000000000546e+03
4.912699999999999818e+03
4.912699999999999818e+03
4.912800000000000182e+03
4.913000000000000000e+03
4.913500000000000000e+03
4.914000000000000000e+03
4.914100000000000364e+03
4.914199999999999818e+03
4.914800000000000182e+03
4.977900000000000546e+03
4.981199999999999818e+03
4.981199999999999818e+03
4.981300000000000182e+03
4.981600000000000364e+03
4.981800000000000182e+03
4.981900000000000546e+03
4.982000000000000000e+03
4.982300000000000182e+03
4.982800000000000182e+03
4.983000000000000000e+03
4.983600000000000364e+03
9.800000000000000711e+00
1.559999999999999964e+01
1.650000000000000000e+01
1.680000000000000071e+01
1.730000000000000071e+01
1.919999999999999929e+01
1.960000000000000142e+01
2.069999999999999929e+01
2.069999999999999929e+01
2.080000000000000071e+01
2.110000000000000142e+01
2.119999999999999929e+01
4.400000000000000000e+01
5.350000000000000000e+01
5.400000000000000000e+01
5.439999999999999858e+01
5.470000000000000284e+01
5.580000000000000426e+01
5.670000000000000284e+01
5.720000000000000284e+01
5.730000000000000426e+01
5.750000000000000000e+01
5.830000000000000426e+01
5.839999999999999858e+01
9.750000000000000000e+01
1.095000000000000000e+02
1.102999999999999972e+02
1.104000000000000057e+02
1.112000000000000028e+02
1.112999999999999972e+02
1.120000000000000000e+02
1.124000000000000057e+02
1.125000000000000000e+02
1.125000000000000000e+02
1.137000000000000028e+02
1.141000000000000085e+02
1.628000000000000114e+02
1.758000000000000114e+02
1.764000000000000057e+02
1.768000000000000114e+02
1.775000000000000000e+02
1.777000000000000171e+02
1.784000000000000057e+02
1.784000000000000057e+02
1.790999999999999943e+02
1.794000000000000057e+02
1.798000000000000114e+02
1.800999999999999943e+02
2.295000000000000000e+02
2.430999999999999943e+02
2.434000000000000057e+02
2.453000000000000114e+02
2.455000000000000000e+02
2.468000000000000114e+02
2.470999999999999943e+02
2.473000000000000114e+02
2.473000000000000114e+02
2.480999999999999943e+02
2.480999999999999943e+02
2.489000000000000057e+02
2.951999999999999886e+02
3.091000000000000227e+02
3.116999999999999886e+02
3.143000000000000114e+02
3.143000000000000114e+02
3.146999999999999886e+02
3.153000000000000114e+02
3.165000000000000000e+02
3.166999999999999886e+02
3.169000000000000341e+02
3.171999999999999886e+02
3.174000000000000341e+02
3.570000000000000000e+02
3.743000000000000114e+02
3.798000000000000114e+02
3.823000000000000114e+02
3.825000000000000000e+02
3.829000000000000341e+02
3.830000000000000000e+02
3.851999999999999886e+02
3.854000000000000341e+02
3.856000000000000227e+02
3.860000000000000000e+02
3.860000000000000000e+02
4.088000000000000114e+02
4.421999999999999886e+02
4.490000000000000000e+02
4.501999999999999886e+02
4.506000000000000227e+02
4.516000000000000227e+02
4.520000000000000000e+02
4.538000000000000114e+02
4.540000000000000000e+02
4.544000000000000341e+02
4.546000000000000227e+02
4.546999999999999886e+02
4.611999999999999886e+02
5.130000000000000000e+02
5.178999999999999773e+02
5.182999999999999545e+02
5.187000000000000455e+02
5.197000000000000455e+02
5.207999999999999545e+02
5.225000000000000000e+02
5.225000000000000000e+02
5.228999999999999773e+02
5.232000000000000455e+02
5.233999999999999773e+02
5.257000000000000455e+02
5.826000000000000227e+02
5.872000000000000455e+02
5.873000000000000682e+02
5.873000000000000682e+02
5.886000000000000227e+02
5.913000000000000682e+02
5.913000000000000682e+02
5.913000000000000682e+02
5.917000000000000455e+02
5.920000000000000000e+02
5.926000000000000227e+02
5.928999999999999773e+02
6.522000000000000455e+02
6.551000000000000227e+02
6.565000000000000000e+02
6.570000000000000000e+02
6.571000000000000227e+02
6.598999999999999773e+02
6.603000000000000682e+02
6.605000000000000000e+02
6.606000000000000227e+02
6.608000000000000682e+02
6.608000000000000682e+02
6.616000000000000227e+02
7.216000000000000227e+02
7.228999999999999773e+02
7.257000000000000455e+02
7.263999999999999773e+02
7.266000000000000227e+02
7.283000000000000682e+02
7.285000000000000000e+02
7.293000000000000682e+02
7.293999999999999773e+02
7.297000000000000455e+02
7.300000000000000000e+02
7.307000000000000455e+02
7.898999999999999773e+02
7.917000000000000455e+02
7.947000000000000455e+02
7.953000000000000682e+02
7.960000000000000000e+02
7.966000000000000227e+02
7.966000000000000227e+02
7.978999999999999773e+02
7.983999999999999773e+02
7.986000000000000227e+02
7.991000000000000227e+02
7.996000000000000227e+02
8.573000000000000682e+02
8.597000000000000455e+02
8.638999999999999773e+02
8.646000000000000227e+02
8.648999999999999773e+02
8.648999999999999773e+02
8.653999999999999773e+02
8.670000000000000000e+02
8.671000000000000227e+02
8.673999999999999773e+02
8.682000000000000455e+02
8.685000000000000000e+02
9.253000000000000682e+02
9.301000000000000227e+02
9.318000000000000682e+02
9.328999999999999773e+02
9.337000000000000455e+02
9.345000000000000000e+02
9.348000000000000682e+02
9.360000000000000000e+02
9.363000000000000682e+02
9.366000000000000227e+02
9.368000000000000682e+02
9.373999999999999773e+02
9.937000000000000455e+02
9.998999999999999773e+02
1.000300000000000068e+03
1.001100000000000023e+03
1.003000000000000000e+03
1.003200000000000045e+03
1.004399999999999977e+03
1.004500000000000000e+03
1.005399999999999977e+03
1.005399999999999977e+03
1.005399999999999977e+03
1.006100000000000023e+03
1.059900000000000091e+03
1.068700000000000045e+03
1.069599999999999909e+03
1.070700000000000045e+03
1.072000000000000000e+03
1.072799999999999955e+03
1.073200000000000045e+03
1.073500000000000000e+03
1.073900000000000091e+03
1.074000000000000000e+03
1.074200000000000045e+03
1.074799999999999955e+03
1.128299999999999955e+03
1.137900000000000091e+03
1.138400000000000091e+03
1.140600000000000136e+03
1.140799999999999955e+03
1.141799999999999955e+03
1.142000000000000000e+03
1.142500000000000000e+03
1.142799999999999955e+03
1.142900000000000091e+03
1.143500000000000000e+03
1.143600000000000136e+03
1.197000000000000000e+03
1.206700000000000045e+03
1.208100000000000136e+03
1.209799999999999955e+03
1.210600000000000136e+03
1.210900000000000091e+03
1.211000000000000000e+03
1.211100000000000136e+03
1.211600000000000136e+03
1.211900000000000091e+03
1.212000000000000000e+03
1.212500000000000000e+03
1.263799999999999955e+03
1.275000000000000000e+03
1.278000000000000000e+03
1.278600000000000136e+03
1.279400000000000091e+03
1.279700000000000045e+03
1.280000000000000000e+03
1.280299999999999955e+03
1.280600000000000136e+03
1.280700000000000045e+03
1.280900000000000091e+03
1.281200000000000045e+03
1.331200000000000045e+03
1.343900000000000091e+03
1.346900000000000091e+03
1.347700000000000045e+03
1.348100000000000136e+03
1.348600000000000136e+03
1.349000000000000000e+03
1.349299999999999955e+03
1.349500000000000000e+03
1.349700000000000045e+03
1.349700000000000045e+03
1.349799999999999955e+03
1.397500000000000000e+03
1.412500000000000000e+03
1.415700000000000045e+03
1.416299999999999955e+03
1.416600000000000136e+03
1.417100000000000136e+03
1.418100000000000136e+03
1.418200000000000045e+03
1.418299999999999955e+03
1.418400000000000091e+03
1.418400000000000091e+03
1.418700000000000045e+03
1.461299999999999955e+03
1.481299999999999955e+03
1.484299999999999955e+03
1.484900000000000091e+03
1.485100000000000136e+03
1.485500000000000000e+03
1.486500000000000000e+03
1.486600000000000136e+03
1.486700000000000045e+03
1.486799999999999955e+03
1.486799999999999955e+03
1.487100000000000136e+03
1.517700000000000045e+03
1.550400000000000091e+03
1.552900000000000091e+03
1.553500000000000000e+03
1.554200000000000045e+03
1.554600000000000136e+03
1.555200000000000045e+03
1.555200000000000045e+03
1.555299999999999955e+03
1.555400000000000091e+03
1.555600000000000136e+03
1.556000000000000000e+03
1.567100000000000136e+03
1.619100000000000136e+03
1.621500000000000000e+03
1.622000000000000000e+03
1.622799999999999955e+03
1.623400000000000091e+03
1.623799999999999955e+03
1.623799999999999955e+03
1.623900000000000091e+03
1.624100000000000136e+03
1.624400000000000091e+03
1.624600000000000136e+03
1.629400000000000091e+03
1.687900000000000091e+03
1.689900000000000091e+03
1.691000000000000000e+03
1.691700000000000045e+03
1.691900000000000091e+03
1.692299999999999955e+03
1.692299999999999955e+03
1.692400000000000091e+03
1.692600000000000136e+03
1.692900000000000091e+03
1.693100000000000136e+03
1.696200000000000045e+03
1.757000000000000000e+03
1.758200000000000045e+03
1.759500000000000000e+03
1.760299999999999955e+03
1.760700000000000045e+03
1.760799999999999955e+03
1.760900000000000091e+03
1.760900000000000091e+03
1.761299999999999955e+03
1.761799999999999955e+03
1.761900000000000091e+03
1.763600000000000136e+03
1.826100000000000136e+03
1.826600000000000136e+03
1.828200000000000045e+03
1.828799999999999955e+03
1.829200000000000045e+03
1.829500000000000000e+03
1.829500000000000000e+03
1.829700000000000045e+03
1.830200000000000045e+03
1.830600000000000136e+03
1.830799999999999955e+03
1.831799999999999955e+03
1.895000000000000000e+03
1.895700000000000045e+03
1.897400000000000091e+03
1.897500000000000000e+03
1.897799999999999955e+03
1.898100000000000136e+03
1.898400000000000091e+03
1.898500000000000000e+03
1.899299999999999955e+03
1.899600000000000136e+03
1.899700000000000045e+03
1.899900000000000091e+03
1.963200000000000045e+03
1.964600000000000136e+03
1.966100000000000136e+03
1.966100000000000136e+03
1.966200000000000045e+03
1.966900000000000091e+03
1.967299999999999955e+03
1.967700000000000045e+03
1.968000000000000000e+03
1.968299999999999955e+03
1.968299999999999955e+03
1.968600000000000136e+03
2.031799999999999955e+03
2.033299999999999955e+03
2.034500000000000000e+03
2.034799999999999955e+03
2.034900000000000091e+03
2.035299999999999955e+03
2.035400000000000091e+03
2.036299999999999955e+03
2.036500000000000000e+03
2.036900000000000091e+03
2.037100000000000136e+03
2.037200000000000045e+03
2.100099999999999909e+03
2.101900000000000091e+03
2.103099999999999909e+03
2.103199999999999818e+03
2.103300000000000182e+03
2.104099999999999909e+03
2.104099999999999909e+03
2.104800000000000182e+03
2.105300000000000182e+03
2.105500000000000000e+03
2.105599999999999909e+03
2.106099999999999909e+03
2.167900000000000091e+03
2.170599999999999909e+03
2.171099999999999909e+03
2.171599999999999909e+03
2.172300000000000182e+03
2.172500000000000000e+03
2.172599999999999909e+03
2.173099999999999909e+03
2.173900000000000091e+03
2.174300000000000182e+03
2.174400000000000091e+03
2.174500000000000000e+03
2.236200000000000273e+03
2.238700000000000273e+03
2.239400000000000091e+03
2.239700000000000273e+03
2.240200000000000273e+03
2.240400000000000091e+03
2.240400000000000091e+03
2.240700000000000273e+03
2.242200000000000273e+03
2.242800000000000182e+03
2.242900000000000091e+03
2.242900000000000091e+03
2.305800000000000182e+03
2.306300000000000182e+03
2.308099999999999909e+03
2.308099999999999909e+03
2.308400000000000091e+03
2.308700000000000273e+03
2.309300000000000182e+03
2.309300000000000182e+03
2.310400000000000091e+03
2.311099999999999909e+03
2.311300000000000182e+03
2.311500000000000000e+03
2.373800000000000182e+03
2.375599999999999909e+03
2.376500000000000000e+03
2.377000000000000000e+03
2.377200000000000273e+03
2.377800000000000182e+03
2.377900000000000091e+03
2.378400000000000091e+03
2.378700000000000273e+03
2.379400000000000091e+03
2.379700000000000273e+03
2.379900000000000091e+03
2.442099999999999909e+03
2.444700000000000273e+03
2.444800000000000182e+03
2.444900000000000091e+03
2.445900000000000091e+03
2.446500000000000000e+03
2.447099999999999909e+03
2.447200000000000273e+03
2.447500000000000000e+03
2.447599999999999909e+03
2.447900000000000091e+03
2.448200000000000273e+03
2.510599999999999909e+03
2.513400000000000091e+03
2.513599999999999909e+03
2.514200000000000273e+03
2.514500000000000000e+03
2.515300000000000182e+03
2.515599999999999909e+03
2.515599999999999909e+03
2.515700000000000273e+03
2.516200000000000273e+03
2.516800000000000182e+03
2.516900000000000091e+03
2.579300000000000182e+03
2.581599999999999909e+03
2.582200000000000273e+03
2.582800000000000182e+03
2.583200000000000273e+03
2.583800000000000182e+03
2.583900000000000091e+03
2.584500000000000000e+03
2.584500000000000000e+03
2.584800000000000182e+03
2.585300000000000182e+03
2.585500000000000000e+03
2.648000000000000000e+03
2.650200000000000273e+03
2.650500000000000000e+03
2.651099999999999909e+03
2.651900000000000091e+03
2.652099999999999909e+03
2.652500000000000000e+03
2.653099999999999909e+03
2.653200000000000273e+03
2.653300000000000182e+03
2.653700000000000273e+03
2.654099999999999909e+03
2.715200000000000273e+03
2.718300000000000182e+03
2.719099999999999909e+03
2.719500000000000000e+03
2.720500000000000000e+03
2.720700000000000273e+03
2.721599999999999909e+03
2.721599999999999909e+03
2.721900000000000091e+03
2.722000000000000000e+03
2.722200000000000273e+03
2.723000000000000000e+03
2.783500000000000000e+03
2.787099999999999909e+03
2.787700000000000273e+03
2.788200000000000273e+03
2.789000000000000000e+03
2.789099999999999909e+03
2.790200000000000273e+03
2.790300000000000182e+03
2.790400000000000091e+03
2.790400000000000091e+03
2.790500000000000000e+03
2.791500000000000000e+03
2.854099999999999909e+03
2.856099999999999909e+03
2.856900000000000091e+03
2.857099999999999909e+03
2.857400000000000091e+03
2.858099999999999909e+03
2.859200000000000273e+03
2.859300000000000182e+03
2.859500000000000000e+03
2.859500000000000000e+03
2.859700000000000273e+03
2.860599999999999909e+03
2.923700000000000273e+03
2.925500000000000000e+03
2.925700000000000273e+03
2.926500000000000000e+03
2.926599999999999909e+03
2.927200000000000273e+03
2.928000000000000000e+03
2.928200000000000273e+03
2.928300000000000182e+03
2.928300000000000182e+03
2.928599999999999909e+03
2.929300000000000182e+03
2.993099999999999909e+03
2.994900000000000091e+03
2.995000000000000000e+03
2.995000000000000000e+03
2.995099999999999909e+03
2.995800000000000182e+03
2.996800000000000182e+03
2.996800000000000182e+03
2.997000000000000000e+03
2.997000000000000000e+03
2.997099999999999909e+03
2.998300000000000182e+03
3.062099999999999909e+03
3.063300000000000182e+03
3.063400000000000091e+03
3.063800000000000182e+03
3.063900000000000091e+03
3.065200000000000273e+03
3.065599999999999909e+03
3.065599999999999909e+03
3.065700000000000273e+03
3.065900000000000091e+03
3.066000000000000000e+03
3.066800000000000182e+03
3.131200000000000273e+03
3.132200000000000273e+03
3.132300000000000182e+03
3.132400000000000091e+03
3.132500000000000000e+03
3.133800000000000182e+03
3.134300000000000182e+03
3.134300000000000182e+03
3.134400000000000091e+03
3.134599999999999909e+03
3.134900000000000091e+03
3.135700000000000273e+03
3.199800000000000182e+03
3.200099999999999909e+03
3.200300000000000182e+03
3.200900000000000091e+03
3.201099999999999909e+03
3.202400000000000091e+03
3.202800000000000182e+03
3.202900000000000091e+03
3.203099999999999909e+03
3.203200000000000273e+03
3.203400000000000091e+03
3.204500000000000000e+03
3.268599999999999909e+03
3.269200000000000273e+03
3.269400000000000091e+03
3.269599999999999909e+03
3.269700000000000273e+03
3.270800000000000182e+03
3.271200000000000273e+03
3.271200000000000273e+03
3.271599999999999909e+03
3.271599999999999909e+03
3.271800000000000182e+03
3.272599999999999909e+03
3.336599999999999909e+03
3.336800000000000182e+03
3.337000000000000000e+03
3.337900000000000091e+03
3.338300000000000182e+03
3.339599999999999909e+03
3.339599999999999909e+03
3.339800000000000182e+03
3.339800000000000182e+03
3.339900000000000091e+03
3.340000000000000000e+03
3.341099999999999909e+03
3.404400000000000091e+03
3.404599999999999909e+03
3.404900000000000091e+03
3.405900000000000091e+03
3.406599999999999909e+03
3.407700000000000273e+03
3.407700000000000273e+03
3.407800000000000182e+03
3.407900000000000091e+03
3.408000000000000000e+03
3.408200000000000273e+03
3.409000000000000000e+03
3.471800000000000182e+03
3.472900000000000091e+03
3.473099999999999909e+03
3.474000000000000000e+03
3.474700000000000273e+03
3.475900000000000091e+03
3.475900000000000091e+03
3.476099999999999909e+03
3.476099999999999909e+03
3.476500000000000000e+03
3.476500000000000000e+03
3.477099999999999909e+03
3.539000000000000000e+03
3.541000000000000000e+03
3.541900000000000091e+03
3.543099999999999909e+03
3.543200000000000273e+03
3.544099999999999909e+03
3.544200000000000273e+03
3.544300000000000182e+03
3.544599999999999909e+03
3.545099999999999909e+03
3.545599999999999909e+03
3.545599999999999909e+03
3.605500000000000000e+03
3.609700000000000273e+03
3.610099999999999909e+03
3.611700000000000273e+03
3.612000000000000000e+03
3.612400000000000091e+03
3.612599999999999909e+03
3.612800000000000182e+03
3.612900000000000091e+03
3.613800000000000182e+03
3.613900000000000091e+03
3.614500000000000000e+03
3.672800000000000182e+03
3.678500000000000000e+03
3.679000000000000000e+03
3.680099999999999909e+03
3.680599999999999909e+03
3.680800000000000182e+03
3.680900000000000091e+03
3.680900000000000091e+03
3.681200000000000273e+03
3.682000000000000000e+03
3.682599999999999909e+03
3.683000000000000000e+03
3.738400000000000091e+03
3.746500000000000000e+03
3.747200000000000273e+03
3.748200000000000273e+03
3.748200000000000273e+03
3.748300000000000182e+03
3.748900000000000091e+03
3.749099999999999909e+03
3.749099999999999909e+03
3.749800000000000182e+03
3.750800000000000182e+03
3.751000000000000000e+03
3.804599999999999909e+03
3.815099999999999909e+03
3.815400000000000091e+03
3.815700000000000273e+03
3.815900000000000091e+03
3.816099999999999909e+03
3.816800000000000182e+03
3.817000000000000000e+03
3.817200000000000273e+03
3.817800000000000182e+03
3.818800000000000182e+03
3.819400000000000091e+03
3.871000000000000000e+03
3.883200000000000273e+03
3.883800000000000182e+03
3.884200000000000273e+03
3.884599999999999909e+03
3.884700000000000273e+03
3.885200000000000273e+03
3.885500000000000000e+03
3.885599999999999909e+03
3.886099999999999909e+03
3.887400000000000091e+03
3.887800000000000182e+03
3.938000000000000000e+03
3.951400000000000091e+03
3.951800000000000182e+03
3.952599999999999909e+03
3.952800000000000182e+03
3.953000000000000000e+03
3.953300000000000182e+03
3.953900000000000091e+03
3.954000000000000000e+03
3.954400000000000091e+03
3.955200000000000273e+03
3.955800000000000182e+03
4.003300000000000182e+03
4.019800000000000182e+03
4.020200000000000273e+03
4.020500000000000000e+03
4.020900000000000091e+03
4.021700000000000273e+03
4.022300000000000182e+03
4.022300000000000182e+03
4.022400000000000091e+03
4.022500000000000000e+03
4.023700000000000273e+03
4.024099999999999909e+03
4.066000000000000000e+03
4.087700000000000273e+03
4.087900000000000091e+03
4.088500000000000000e+03
4.088800000000000182e+03
4.089900000000000091e+03
4.090099999999999909e+03
4.090400000000000091e+03
4.090500000000000000e+03
4.091200000000000273e+03
4.092000000000000000e+03
4.092300000000000182e+03
4.116899999999999636e+03
4.156500000000000000e+03
4.156600000000000364e+03
4.156800000000000182e+03
4.157300000000000182e+03
4.158199999999999818e+03
4.158199999999999818e+03
4.158399999999999636e+03
4.158899999999999636e+03
4.159800000000000182e+03
4.159899999999999636e+03
4.160199999999999818e+03
4.167600000000000364e+03
4.224600000000000364e+03
4.225699999999999818e+03
4.225800000000000182e+03
4.225899999999999636e+03
4.226100000000000364e+03
4.226800000000000182e+03
4.226899999999999636e+03
4.227600000000000364e+03
4.228000000000000000e+03
4.228500000000000000e+03
4.228899999999999636e+03
4.232100000000000364e+03
4.293000000000000000e+03
4.293699999999999818e+03
4.293699999999999818e+03
4.294600000000000364e+03
4.294699999999999818e+03
4.295100000000000364e+03
4.295100000000000364e+03
4.295399999999999636e+03
4.296199999999999818e+03
4.297000000000000000e+03
4.297500000000000000e+03
4.299399999999999636e+03
4.361199999999999818e+03
4.361699999999999818e+03
4.361800000000000182e+03
4.362699999999999818e+03
4.362800000000000182e+03
4.363399999999999636e+03
4.363600000000000364e+03
4.363699999999999818e+03
4.364500000000000000e+03
4.365500000000000000e+03
4.365899999999999636e+03
4.367000000000000000e+03
4.429600000000000364e+03
4.429900000000000546e+03
4.430199999999999818e+03
4.430300000000000182e+03
4.431300000000000182e+03
4.432000000000000000e+03
4.432199999999999818e+03
4.432900000000000546e+03
4.433100000000000364e+03
4.434000000000000000e+03
4.434600000000000364e+03
4.435000000000000000e+03
4.498100000000000364e+03
4.498800000000000182e+03
4.499400000000000546e+03
4.499699999999999818e+03
4.500000000000000000e+03
4.500500000000000000e+03
4.500699999999999818e+03
4.501000000000000000e+03
4.501699999999999818e+03
4.502400000000000546e+03
4.503400000000000546e+03
4.503500000000000000e+03
4.566000000000000000e+03
4.567800000000000182e+03
4.568699999999999818e+03
4.568900000000000546e+03
4.569300000000000182e+03
4.569300000000000182e+03
4.569300000000000182e+03
4.569600000000000364e+03
4.571000000000000000e+03
4.571100000000000364e+03
4.571900000000000546e+03
4.572199999999999818e+03
4.634199999999999818e+03
4.636600000000000364e+03
4.637100000000000364e+03
4.637500000000000000e+03
4.637699999999999818e+03
4.638100000000000364e+03
4.638199999999999818e+03
4.638400000000000546e+03
4.639300000000000182e+03
4.639699999999999818e+03
4.640500000000000000e+03
4.641100000000000364e+03
4.702500000000000000e+03
4.705600000000000364e+03
4.706100000000000364e+03
4.706400000000000546e+03
4.706600000000000364e+03
4.706800000000000182e+03
4.707100000000000364e+03
4.707199999999999818e+03
4.707900000000000546e+03
4.708400000000000546e+03
4.708800000000000182e+03
4.709800000000000182e+03
4.771900000000000546e+03
4.774300000000000182e+03
4.774400000000000546e+03
4.775199999999999818e+03
4.775800000000000182e+03
4.775900000000000546e+03
4.776100000000000364e+03
4.776100000000000364e+03
4.776900000000000546e+03
4.777000000000000000e+03
4.777800000000000182e+03
4.778400000000000546e+03
4.841500000000000000e+03
4.843699999999999818e+03
4.843900000000000546e+03
4.844300000000000182e+03
4.844800000000000182e+03
4.844800000000000182e+03
4.844900000000000546e+03
4.845100000000000364e+03
4.845699999999999818e+03
4.846100000000000364e+03
4.846100000000000364e+03
4.847300000000000182e+03
4.911100000000000364e+03
4.912199999999999818e+03
4.912600000000000364e+03
4.912900000000000546e+03
4.913100000000000364e+03
4.913600000000000364e+03
4.913600000000000364e+03
4.913900000000000546e+03
4.914500000000000000e+03
4.915100000000000364e+03
4.915400000000000546e+03
4.916000000000000000e+03
4.980100000000000364e+03
4.981600000000000364e+03
4.981800000000000182e+03
4.982000000000000000e+03
4.982500000000000000e+03
4.982699999999999818e+03
4.982800000000000182e+03
4.982900000000000546e+03
4.983300000000000182e+03
4.983900000000000546e+03
4.983900000000000546e+03
4.984600000000000364e+03
